   0.0000000e+00
   9.6286806e-02
  -1.5621430e-01
  -8.9937530e-02
  -9.1656438e-02
   4.9888460e-02
  -1.2696538e-01
   2.6997155e-01
  -1.2871546e-01
   1.8778594e-01
   8.8558866e-02
  -5.8343241e-02
   8.5570348e-02
  -4.2045894e-03
   5.8215035e-02
  -9.7668319e-02
   1.7229903e-02
  -2.9682239e-02
   7.4223512e-02
  -1.5667915e-01
  -2.6327151e-01
   3.4593519e-02
  -1.6531371e-01
  -2.8339159e-01
  -1.1086542e-01
   9.6286806e-02
   0.0000000e+00
   6.1345602e-02
  -2.0589511e-02
   1.2708338e-01
  -7.4314438e-02
   1.8681379e-01
  -8.3254295e-02
   9.9625276e-02
   8.7839464e-02
  -1.1200812e-01
   7.5123907e-03
   3.2176774e-02
   1.3995590e-01
   1.6408837e-01
  -3.4162164e-02
   3.2408680e-02
   2.2452667e-01
  -8.3558387e-02
  -7.6296392e-02
  -4.2477258e-02
   1.5819634e-01
   1.4966378e-01
   1.1130048e-01
  -1.1016860e-01
  -1.5621430e-01
   6.1345602e-02
   0.0000000e+00
   7.2339778e-02
   7.3508637e-02
  -1.2738750e-01
  -8.1069361e-03
   1.6218588e-01
  -2.3445257e-01
  -1.0262231e-01
   2.1131897e-02
  -2.6859509e-02
   4.8553261e-02
   1.4797281e-01
   5.7503145e-03
  -6.0925904e-02
  -1.5600191e-01
   6.1771548e-02
  -1.1496302e-01
  -5.8080278e-02
  -7.3116147e-02
  -1.7343862e-01
  -4.7512867e-02
   1.4446815e-02
  -6.3279201e-02
  -8.9937530e-02
  -2.0589511e-02
   7.2339778e-02
   0.0000000e+00
  -2.9931801e-01
   5.2208854e-02
  -1.1668292e-01
  -2.9024535e-02
   1.7421280e-01
  -2.6524811e-01
   3.5014306e-02
   2.6085477e-02
   4.5274771e-02
  -4.6431659e-02
   1.3600080e-01
   7.0680032e-02
  -3.2377956e-03
   1.2930436e-01
  -9.9137118e-02
  -1.3151088e-01
  -6.9599438e-03
  -2.1863981e-01
  -1.2661648e-01
  -2.4475630e-02
   1.1137053e-01
  -9.1656438e-02
   1.2708338e-01
   7.3508637e-02
  -2.9931801e-01
   0.0000000e+00
   1.6000156e-01
   1.1687788e-01
   1.6776934e-01
   5.4749959e-02
  -1.4945685e-02
  -4.5920104e-02
  -6.4595097e-02
   4.1583407e-02
   2.5315970e-01
   1.0065575e-01
  -9.7861630e-02
   1.4424505e-01
   1.1578468e-01
   7.5032274e-02
   1.4332990e-01
  -2.4612764e-02
  -3.6925328e-02
  -4.1854375e-02
   7.6873795e-02
   4.4988608e-02
   4.9888460e-02
  -7.4314438e-02
  -1.2738750e-01
   5.2208854e-02
   1.6000156e-01
   0.0000000e+00
   1.0143984e-01
   1.3606686e-01
  -5.6236829e-02
  -9.2901226e-02
  -1.9005427e-01
   1.6416609e-01
  -4.9511472e-02
   2.0785253e-01
   8.6092990e-02
   5.1000401e-02
   1.7863321e-01
   1.8584102e-01
   1.3170642e-01
   1.4488238e-01
   1.8628324e-01
   2.5653172e-01
   8.5756613e-02
   2.5092053e-01
  -3.5226969e-02
  -1.2696538e-01
   1.8681379e-01
  -8.1069361e-03
  -1.1668292e-01
   1.1687788e-01
   1.0143984e-01
   0.0000000e+00
   5.1197039e-02
   7.4524332e-02
   1.8862346e-01
  -2.7721810e-02
   1.2178269e-01
   4.0787095e-02
   1.0381378e-01
   1.0101073e-01
  -1.7808140e-01
   1.0095472e-01
   9.5625905e-02
   4.5537638e-02
   1.0446104e-01
   7.8071013e-02
  -1.2304992e-01
   6.3048171e-02
   2.8568882e-01
  -7.4683399e-03
   2.6997155e-01
  -8.3254295e-02
   1.6218588e-01
  -2.9024535e-02
   1.6776934e-01
   1.3606686e-01
   5.1197039e-02
   0.0000000e+00
  -1.1660716e-02
   7.1062119e-02
  -5.3161058e-03
   8.8473611e-02
   1.9696823e-01
  -5.2222348e-02
   5.0238296e-02
  -3.0998190e-02
  -1.3155276e-01
  -1.0924744e-01
  -6.4318448e-02
  -5.3755701e-02
  -1.2438694e-01
   1.6125798e-01
   3.1630604e-01
  -1.6052130e-01
  -6.7821648e-02
  -1.2871546e-01
   9.9625276e-02
  -2.3445257e-01
   1.7421280e-01
   5.4749959e-02
  -5.6236829e-02
   7.4524332e-02
  -1.1660716e-02
   0.0000000e+00
  -8.7494904e-02
   4.8201401e-02
  -1.8549831e-02
   6.9585934e-02
  -9.3510785e-03
   1.8930285e-01
  -2.0887748e-01
  -6.0546321e-03
  -1.4756856e-01
  -1.9672493e-02
  -1.4005343e-01
  -3.8639525e-01
  -8.4587803e-02
   8.4460674e-03
   2.3396131e-02
   8.2183385e-02
   1.8778594e-01
   8.7839464e-02
  -1.0262231e-01
  -2.6524811e-01
  -1.4945685e-02
  -9.2901226e-02
   1.8862346e-01
   7.1062119e-02
  -8.7494904e-02
   0.0000000e+00
  -1.1706660e-01
  -1.2271699e-01
  -1.2711973e-02
  -1.6759521e-01
   1.9025426e-01
  -2.7845223e-02
  -1.1086580e-01
   1.8721561e-01
  -1.3349327e-01
   2.8262055e-02
   2.5361918e-02
  -1.5372732e-02
  -7.3718482e-02
  -7.6214958e-02
   7.6021251e-03
   8.8558866e-02
  -1.1200812e-01
   2.1131897e-02
   3.5014306e-02
  -4.5920104e-02
  -1.9005427e-01
  -2.7721810e-02
  -5.3161058e-03
   4.8201401e-02
  -1.1706660e-01
   0.0000000e+00
  -3.3775958e-02
   1.2937018e-03
   2.1058223e-02
  -1.3593972e-01
  -4.7138828e-02
  -1.2136658e-01
  -1.0129587e-01
   8.2944738e-02
  -1.5257429e-01
  -1.5601716e-01
   1.5897326e-01
  -1.1699431e-02
  -9.1463559e-02
   8.7541566e-02
  -5.8343241e-02
   7.5123907e-03
  -2.6859509e-02
   2.6085477e-02
  -6.4595097e-02
   1.6416609e-01
   1.2178269e-01
   8.8473611e-02
  -1.8549831e-02
  -1.2271699e-01
  -3.3775958e-02
   0.0000000e+00
  -9.1446813e-02
  -9.8201843e-02
  -1.2233222e-01
  -5.0868808e-02
   6.1026520e-02
  -8.5223816e-02
  -4.1627763e-02
  -2.6800201e-01
   6.8969057e-02
  -1.9069486e-03
  -1.4600018e-01
  -5.6155702e-02
  -1.7000223e-01
   8.5570348e-02
   3.2176774e-02
   4.8553261e-02
   4.5274771e-02
   4.1583407e-02
  -4.9511472e-02
   4.0787095e-02
   1.9696823e-01
   6.9585934e-02
  -1.2711973e-02
   1.2937018e-03
  -9.1446813e-02
   0.0000000e+00
  -9.8765665e-02
   1.1836853e-03
  -2.0758171e-01
  -9.9035761e-02
   6.4987570e-02
  -1.5296893e-01
   8.1670119e-02
  -6.7168700e-02
   1.2973211e-01
  -4.0072061e-02
  -2.3696605e-01
  -4.0840743e-02
  -4.2045894e-03
   1.3995590e-01
   1.4797281e-01
  -4.6431659e-02
   2.5315970e-01
   2.0785253e-01
   1.0381378e-01
  -5.2222348e-02
  -9.3510785e-03
  -1.6759521e-01
   2.1058223e-02
  -9.8201843e-02
  -9.8765665e-02
   0.0000000e+00
   1.7347607e-01
   1.6717190e-01
   2.4076766e-01
  -1.3798978e-02
   6.7857404e-02
  -1.0383231e-01
  -6.9384648e-02
   1.9637521e-01
   2.1482545e-01
   9.7697496e-02
   1.6232167e-01
   5.8215035e-02
   1.6408837e-01
   5.7503145e-03
   1.3600080e-01
   1.0065575e-01
   8.6092990e-02
   1.0101073e-01
   5.0238296e-02
   1.8930285e-01
   1.9025426e-01
  -1.3593972e-01
  -1.2233222e-01
   1.1836853e-03
   1.7347607e-01
   0.0000000e+00
   1.9328358e-01
   6.4941636e-03
   8.6796270e-02
   1.4633236e-03
   4.6884966e-02
   7.4243271e-02
  -6.5621155e-02
   1.8871621e-01
  -5.0597763e-02
  -1.1132215e-01
  -9.7668319e-02
  -3.4162164e-02
  -6.0925904e-02
   7.0680032e-02
  -9.7861630e-02
   5.1000401e-02
  -1.7808140e-01
  -3.0998190e-02
  -2.0887748e-01
  -2.7845223e-02
  -4.7138828e-02
  -5.0868808e-02
  -2.0758171e-01
   1.6717190e-01
   1.9328358e-01
   0.0000000e+00
   1.0157500e-01
   2.0762735e-02
  -8.2025454e-02
  -3.0538003e-02
  -1.7159610e-01
  -4.8130302e-03
   1.0187139e-01
   2.2451343e-02
  -4.0943162e-02
   1.7229903e-02
   3.2408680e-02
  -1.5600191e-01
  -3.2377956e-03
   1.4424505e-01
   1.7863321e-01
   1.0095472e-01
  -1.3155276e-01
  -6.0546321e-03
  -1.1086580e-01
  -1.2136658e-01
   6.1026520e-02
  -9.9035761e-02
   2.4076766e-01
   6.4941636e-03
   1.0157500e-01
   0.0000000e+00
   1.6533946e-01
   4.8704046e-02
   3.9507268e-02
   5.2872361e-02
   1.7062388e-01
   2.8021527e-02
   2.8509067e-02
   4.3354802e-02
  -2.9682239e-02
   2.2452667e-01
   6.1771548e-02
   1.2930436e-01
   1.1578468e-01
   1.8584102e-01
   9.5625905e-02
  -1.0924744e-01
  -1.4756856e-01
   1.8721561e-01
  -1.0129587e-01
  -8.5223816e-02
   6.4987570e-02
  -1.3798978e-02
   8.6796270e-02
   2.0762735e-02
   1.6533946e-01
   0.0000000e+00
   8.1245188e-02
   1.2717295e-01
  -9.2940239e-03
   1.1348587e-01
   1.1660952e-01
   1.0608963e-01
   1.3079599e-01
   7.4223512e-02
  -8.3558387e-02
  -1.1496302e-01
  -9.9137118e-02
   7.5032274e-02
   1.3170642e-01
   4.5537638e-02
  -6.4318448e-02
  -1.9672493e-02
  -1.3349327e-01
   8.2944738e-02
  -4.1627763e-02
  -1.5296893e-01
   6.7857404e-02
   1.4633236e-03
  -8.2025454e-02
   4.8704046e-02
   8.1245188e-02
   0.0000000e+00
   1.7487229e-01
  -5.5084617e-02
   1.0840124e-01
   5.5580943e-02
  -2.2917303e-01
   1.0963385e-02
  -1.5667915e-01
  -7.6296392e-02
  -5.8080278e-02
  -1.3151088e-01
   1.4332990e-01
   1.4488238e-01
   1.0446104e-01
  -5.3755701e-02
  -1.4005343e-01
   2.8262055e-02
  -1.5257429e-01
  -2.6800201e-01
   8.1670119e-02
  -1.0383231e-01
   4.6884966e-02
  -3.0538003e-02
   3.9507268e-02
   1.2717295e-01
   1.7487229e-01
   0.0000000e+00
  -5.7977590e-02
  -6.8320106e-02
  -1.2368661e-01
  -6.0196195e-02
   2.2706797e-02
  -2.6327151e-01
  -4.2477258e-02
  -7.3116147e-02
  -6.9599438e-03
  -2.4612764e-02
   1.8628324e-01
   7.8071013e-02
  -1.2438694e-01
  -3.8639525e-01
   2.5361918e-02
  -1.5601716e-01
   6.8969057e-02
  -6.7168700e-02
  -6.9384648e-02
   7.4243271e-02
  -1.7159610e-01
   5.2872361e-02
  -9.2940239e-03
  -5.5084617e-02
  -5.7977590e-02
   0.0000000e+00
   2.7380611e-02
  -1.3135184e-01
  -1.1510183e-01
  -6.2217898e-02
   3.4593519e-02
   1.5819634e-01
  -1.7343862e-01
  -2.1863981e-01
  -3.6925328e-02
   2.5653172e-01
  -1.2304992e-01
   1.6125798e-01
  -8.4587803e-02
  -1.5372732e-02
   1.5897326e-01
  -1.9069486e-03
   1.2973211e-01
   1.9637521e-01
  -6.5621155e-02
  -4.8130302e-03
   1.7062388e-01
   1.1348587e-01
   1.0840124e-01
  -6.8320106e-02
   2.7380611e-02
   0.0000000e+00
   9.0191002e-02
   1.4020780e-01
   1.0591603e-01
  -1.6531371e-01
   1.4966378e-01
  -4.7512867e-02
  -1.2661648e-01
  -4.1854375e-02
   8.5756613e-02
   6.3048171e-02
   3.1630604e-01
   8.4460674e-03
  -7.3718482e-02
  -1.1699431e-02
  -1.4600018e-01
  -4.0072061e-02
   2.1482545e-01
   1.8871621e-01
   1.0187139e-01
   2.8021527e-02
   1.1660952e-01
   5.5580943e-02
  -1.2368661e-01
  -1.3135184e-01
   9.0191002e-02
   0.0000000e+00
   1.3265825e-02
   9.8460855e-03
  -2.8339159e-01
   1.1130048e-01
   1.4446815e-02
  -2.4475630e-02
   7.6873795e-02
   2.5092053e-01
   2.8568882e-01
  -1.6052130e-01
   2.3396131e-02
  -7.6214958e-02
  -9.1463559e-02
  -5.6155702e-02
  -2.3696605e-01
   9.7697496e-02
  -5.0597763e-02
   2.2451343e-02
   2.8509067e-02
   1.0608963e-01
  -2.2917303e-01
  -6.0196195e-02
  -1.1510183e-01
   1.4020780e-01
   1.3265825e-02
   0.0000000e+00
  -1.5290770e-01
  -1.1086542e-01
  -1.1016860e-01
  -6.3279201e-02
   1.1137053e-01
   4.4988608e-02
  -3.5226969e-02
  -7.4683399e-03
  -6.7821648e-02
   8.2183385e-02
   7.6021251e-03
   8.7541566e-02
  -1.7000223e-01
  -4.0840743e-02
   1.6232167e-01
  -1.1132215e-01
  -4.0943162e-02
   4.3354802e-02
   1.3079599e-01
   1.0963385e-02
   2.2706797e-02
  -6.2217898e-02
   1.0591603e-01
   9.8460855e-03
  -1.5290770e-01
   0.0000000e+00
