   0.0000000e+00
   3.3582571e-02
  -8.7341623e-02
  -1.1312142e-01
   9.1648989e-02
   1.3589257e-01
  -1.5590123e-01
  -6.6822344e-02
   7.6882625e-02
   1.2657865e-01
   4.5720910e-02
  -7.6164606e-02
  -8.9310973e-02
   1.1795611e-01
   1.4988623e-01
  -1.7581040e-02
   1.2369253e-01
   9.0535948e-02
   1.5349030e-01
   5.7256042e-02
   5.5405487e-02
  -5.9071817e-02
  -2.9476791e-02
  -2.5130378e-01
   9.9922746e-02
   3.3582571e-02
   0.0000000e+00
   2.6236285e-01
   2.1830392e-01
   2.5037992e-01
   3.4889975e-01
   3.9283121e-01
   1.2124572e-02
   1.1042788e-01
   1.9808485e-02
   3.6073831e-01
   2.7736073e-01
  -7.6901794e-02
   3.2875751e-02
   1.4432945e-01
   9.9482804e-02
   9.7119459e-02
   3.3081280e-01
  -2.8394113e-02
   1.0135722e-01
   1.7086972e-01
  -8.9508880e-03
   9.6471382e-02
  -8.9454276e-02
   1.4340481e-01
  -8.7341623e-02
   2.6236285e-01
   0.0000000e+00
  -4.2364703e-02
   1.6920590e-01
   2.3057296e-01
   2.2530445e-01
   2.8875681e-01
  -7.8791046e-02
   3.3199891e-01
   2.1216548e-01
   3.2212918e-01
   2.2581199e-03
   1.9236144e-01
   1.8997543e-01
   1.6722906e-01
   3.7107663e-01
   1.7485425e-01
   1.0307384e-01
   6.1359948e-02
   1.3781592e-01
   2.2478640e-01
   1.0857551e-01
   9.0730992e-02
   1.2686072e-01
  -1.1312142e-01
   2.1830392e-01
  -4.2364703e-02
   0.0000000e+00
   2.5743483e-01
   9.7214620e-02
   2.4376827e-02
   1.2329072e-01
   2.6442868e-01
   1.0264753e-01
  -4.0400581e-02
  -1.5004747e-01
   2.5163244e-01
   1.1243720e-01
   2.9191642e-01
   1.6229289e-01
   6.7547774e-02
   1.9222731e-01
   1.0004995e-01
  -6.6348032e-02
  -4.7342209e-02
   2.8496811e-01
  -1.7970561e-01
   1.0063758e-02
   3.1837032e-02
   9.1648989e-02
   2.5037992e-01
   1.6920590e-01
   2.5743483e-01
   0.0000000e+00
   1.0248936e-01
   1.2674579e-01
   1.7329520e-01
  -1.6400063e-02
   1.2787239e-02
   2.2048955e-01
   1.1286653e-01
   1.8972414e-01
   7.9076358e-02
   1.7928223e-01
  -6.2906396e-02
  -2.7069669e-01
   3.8182675e-03
   1.6802340e-02
   5.0290031e-01
   1.2361589e-01
   1.2892009e-01
  -1.0427431e-01
   6.2845055e-02
   2.6410528e-01
   1.3589257e-01
   3.4889975e-01
   2.3057296e-01
   9.7214620e-02
   1.0248936e-01
   0.0000000e+00
   1.1186504e-01
   3.0959361e-02
  -1.6751310e-01
  -4.3735182e-02
   2.9594975e-01
   6.9249855e-02
  -3.8878357e-02
   8.3774583e-02
   2.4186126e-01
   6.9161695e-02
   2.3995200e-02
   2.5855901e-01
   2.6858908e-01
   2.2194704e-01
  -5.5440105e-02
   1.1561723e-01
  -8.6121122e-02
   9.6080580e-02
   7.8455218e-02
  -1.5590123e-01
   3.9283121e-01
   2.2530445e-01
   2.4376827e-02
   1.2674579e-01
   1.1186504e-01
   0.0000000e+00
   2.8146734e-02
   1.0976580e-01
  -1.1938674e-01
   2.5361148e-01
   1.6568361e-01
   1.8593301e-01
   1.0005798e-01
   9.0720768e-02
   1.9370137e-02
  -4.7099383e-02
   3.0903965e-01
   7.5729817e-02
   4.6662701e-02
   3.9126315e-03
   6.8011100e-02
   2.8755494e-01
   6.1541200e-02
   2.7593821e-02
  -6.6822344e-02
   1.2124572e-02
   2.8875681e-01
   1.2329072e-01
   1.7329520e-01
   3.0959361e-02
   2.8146734e-02
   0.0000000e+00
   9.2533596e-02
   9.2472080e-02
  -2.0804262e-04
   1.9593164e-01
   1.9694140e-01
  -2.8547799e-02
   1.2621299e-01
   1.0796120e-02
   6.0059524e-02
  -1.9334887e-02
   9.3900993e-02
   1.6256877e-01
  -4.7075622e-02
   4.7242396e-02
  -3.2833355e-02
   6.2070785e-02
  -1.9191517e-02
   7.6882625e-02
   1.1042788e-01
  -7.8791046e-02
   2.6442868e-01
  -1.6400063e-02
  -1.6751310e-01
   1.0976580e-01
   9.2533596e-02
   0.0000000e+00
   2.2406097e-02
   2.1776331e-01
  -1.7373429e-02
   3.7860225e-02
   2.2167181e-01
  -1.6542465e-02
   2.6469928e-01
   3.6457385e-02
   4.2759909e-01
  -2.3918857e-01
   1.4503511e-01
  -1.4884788e-02
   2.3152843e-01
   7.2847628e-02
   1.6558151e-02
   1.0758899e-01
   1.2657865e-01
   1.9808485e-02
   3.3199891e-01
   1.0264753e-01
   1.2787239e-02
  -4.3735182e-02
  -1.1938674e-01
   9.2472080e-02
   2.2406097e-02
   0.0000000e+00
   2.3015246e-01
   1.6167043e-01
   1.4871020e-01
   1.8138684e-01
  -1.8033753e-01
  -3.5185156e-02
  -3.4118810e-02
  -1.2428645e-01
  -1.0589829e-01
   2.9053653e-02
   4.7209960e-02
  -6.5179018e-02
   1.1832564e-01
   1.1060213e-01
   1.8673826e-01
   4.5720910e-02
   3.6073831e-01
   2.1216548e-01
  -4.0400581e-02
   2.2048955e-01
   2.9594975e-01
   2.5361148e-01
  -2.0804262e-04
   2.1776331e-01
   2.3015246e-01
   0.0000000e+00
   1.8069566e-01
   2.4409618e-01
   1.8101326e-01
   1.4961657e-01
   1.3138936e-01
  -5.4843110e-02
   3.2082712e-01
   6.6452464e-02
  -3.2548493e-02
   2.5646914e-01
   2.1621280e-01
   9.4804918e-02
   1.9481432e-01
  -7.5320713e-02
  -7.6164606e-02
   2.7736073e-01
   3.2212918e-01
  -1.5004747e-01
   1.1286653e-01
   6.9249855e-02
   1.6568361e-01
   1.9593164e-01
  -1.7373429e-02
   1.6167043e-01
   1.8069566e-01
   0.0000000e+00
   1.3258286e-02
   2.0498073e-01
   5.6526539e-02
   1.2782088e-01
   2.1138754e-02
   1.7801683e-01
   1.6601813e-02
   5.6919463e-02
   7.2295928e-02
   1.7290858e-01
   2.6379819e-01
   1.9301075e-01
  -8.9294759e-02
  -8.9310973e-02
  -7.6901794e-02
   2.2581199e-03
   2.5163244e-01
   1.8972414e-01
  -3.8878357e-02
   1.8593301e-01
   1.9694140e-01
   3.7860225e-02
   1.4871020e-01
   2.4409618e-01
   1.3258286e-02
   0.0000000e+00
  -2.5280076e-02
   3.5068551e-02
   2.6787104e-01
   8.8517301e-02
   4.4404234e-02
   4.6078273e-03
  -4.6850620e-03
  -2.4229075e-02
   1.1766163e-01
  -1.5153445e-02
   1.6138509e-03
   1.0500401e-01
   1.1795611e-01
   3.2875751e-02
   1.9236144e-01
   1.1243720e-01
   7.9076358e-02
   8.3774583e-02
   1.0005798e-01
  -2.8547799e-02
   2.2167181e-01
   1.8138684e-01
   1.8101326e-01
   2.0498073e-01
  -2.5280076e-02
   0.0000000e+00
  -3.8193751e-02
   4.6229731e-02
   2.8962066e-01
   1.5252574e-01
   3.9895444e-01
   1.0526706e-01
  -1.6075809e-01
   2.3105534e-02
   1.5093345e-01
   3.3086583e-02
   1.8825441e-01
   1.4988623e-01
   1.4432945e-01
   1.8997543e-01
   2.9191642e-01
   1.7928223e-01
   2.4186126e-01
   9.0720768e-02
   1.2621299e-01
  -1.6542465e-02
  -1.8033753e-01
   1.4961657e-01
   5.6526539e-02
   3.5068551e-02
  -3.8193751e-02
   0.0000000e+00
   1.2985885e-01
   8.2260895e-02
   8.1544771e-02
   1.4716066e-01
   9.1450803e-02
   1.0911529e-01
  -2.0043112e-01
  -1.2106551e-01
  -5.6481010e-03
   1.0362577e-01
  -1.7581040e-02
   9.9482804e-02
   1.6722906e-01
   1.6229289e-01
  -6.2906396e-02
   6.9161695e-02
   1.9370137e-02
   1.0796120e-02
   2.6469928e-01
  -3.5185156e-02
   1.3138936e-01
   1.2782088e-01
   2.6787104e-01
   4.6229731e-02
   1.2985885e-01
   0.0000000e+00
   9.6029908e-02
   2.2465006e-01
   8.2997774e-02
  -9.1842226e-02
  -9.5050735e-03
   4.7857999e-02
   6.8622897e-02
   1.0003886e-02
  -3.6845546e-02
   1.2369253e-01
   9.7119459e-02
   3.7107663e-01
   6.7547774e-02
  -2.7069669e-01
   2.3995200e-02
  -4.7099383e-02
   6.0059524e-02
   3.6457385e-02
  -3.4118810e-02
  -5.4843110e-02
   2.1138754e-02
   8.8517301e-02
   2.8962066e-01
   8.2260895e-02
   9.6029908e-02
   0.0000000e+00
   2.1387763e-01
   1.0300285e-01
   1.2447611e-01
  -2.7483827e-02
  -2.5492971e-01
   2.1405952e-01
   6.4957293e-02
   1.6599862e-01
   9.0535948e-02
   3.3081280e-01
   1.7485425e-01
   1.9222731e-01
   3.8182675e-03
   2.5855901e-01
   3.0903965e-01
  -1.9334887e-02
   4.2759909e-01
  -1.2428645e-01
   3.2082712e-01
   1.7801683e-01
   4.4404234e-02
   1.5252574e-01
   8.1544771e-02
   2.2465006e-01
   2.1387763e-01
   0.0000000e+00
   1.8604112e-03
  -5.1980318e-02
   5.5298858e-03
   1.3209460e-01
   2.1222756e-01
   1.9363576e-01
   4.4126882e-03
   1.5349030e-01
  -2.8394113e-02
   1.0307384e-01
   1.0004995e-01
   1.6802340e-02
   2.6858908e-01
   7.5729817e-02
   9.3900993e-02
  -2.3918857e-01
  -1.0589829e-01
   6.6452464e-02
   1.6601813e-02
   4.6078273e-03
   3.9895444e-01
   1.4716066e-01
   8.2997774e-02
   1.0300285e-01
   1.8604112e-03
   0.0000000e+00
   1.1495793e-01
  -1.1046109e-01
   2.5327633e-02
   3.2130189e-01
   8.0831039e-02
  -6.1896482e-02
   5.7256042e-02
   1.0135722e-01
   6.1359948e-02
  -6.6348032e-02
   5.0290031e-01
   2.2194704e-01
   4.6662701e-02
   1.6256877e-01
   1.4503511e-01
   2.9053653e-02
  -3.2548493e-02
   5.6919463e-02
  -4.6850620e-03
   1.0526706e-01
   9.1450803e-02
  -9.1842226e-02
   1.2447611e-01
  -5.1980318e-02
   1.1495793e-01
   0.0000000e+00
  -3.3527375e-02
   1.1779598e-01
   4.7989872e-02
   3.8018616e-02
   4.0269283e-02
   5.5405487e-02
   1.7086972e-01
   1.3781592e-01
  -4.7342209e-02
   1.2361589e-01
  -5.5440105e-02
   3.9126315e-03
  -4.7075622e-02
  -1.4884788e-02
   4.7209960e-02
   2.5646914e-01
   7.2295928e-02
  -2.4229075e-02
  -1.6075809e-01
   1.0911529e-01
  -9.5050735e-03
  -2.7483827e-02
   5.5298858e-03
  -1.1046109e-01
  -3.3527375e-02
   0.0000000e+00
  -1.5658569e-01
  -5.0723137e-02
  -4.2956335e-02
   1.7641011e-01
  -5.9071817e-02
  -8.9508880e-03
   2.2478640e-01
   2.8496811e-01
   1.2892009e-01
   1.1561723e-01
   6.8011100e-02
   4.7242396e-02
   2.3152843e-01
  -6.5179018e-02
   2.1621280e-01
   1.7290858e-01
   1.1766163e-01
   2.3105534e-02
  -2.0043112e-01
   4.7857999e-02
  -2.5492971e-01
   1.3209460e-01
   2.5327633e-02
   1.1779598e-01
  -1.5658569e-01
   0.0000000e+00
   5.8567392e-03
   2.6997026e-03
   3.2911081e-03
  -2.9476791e-02
   9.6471382e-02
   1.0857551e-01
  -1.7970561e-01
  -1.0427431e-01
  -8.6121122e-02
   2.8755494e-01
  -3.2833355e-02
   7.2847628e-02
   1.1832564e-01
   9.4804918e-02
   2.6379819e-01
  -1.5153445e-02
   1.5093345e-01
  -1.2106551e-01
   6.8622897e-02
   2.1405952e-01
   2.1222756e-01
   3.2130189e-01
   4.7989872e-02
  -5.0723137e-02
   5.8567392e-03
   0.0000000e+00
  -2.2606257e-02
   1.5791367e-01
  -2.5130378e-01
  -8.9454276e-02
   9.0730992e-02
   1.0063758e-02
   6.2845055e-02
   9.6080580e-02
   6.1541200e-02
   6.2070785e-02
   1.6558151e-02
   1.1060213e-01
   1.9481432e-01
   1.9301075e-01
   1.6138509e-03
   3.3086583e-02
  -5.6481010e-03
   1.0003886e-02
   6.4957293e-02
   1.9363576e-01
   8.0831039e-02
   3.8018616e-02
  -4.2956335e-02
   2.6997026e-03
  -2.2606257e-02
   0.0000000e+00
   2.7409314e-01
   9.9922746e-02
   1.4340481e-01
   1.2686072e-01
   3.1837032e-02
   2.6410528e-01
   7.8455218e-02
   2.7593821e-02
  -1.9191517e-02
   1.0758899e-01
   1.8673826e-01
  -7.5320713e-02
  -8.9294759e-02
   1.0500401e-01
   1.8825441e-01
   1.0362577e-01
  -3.6845546e-02
   1.6599862e-01
   4.4126882e-03
  -6.1896482e-02
   4.0269283e-02
   1.7641011e-01
   3.2911081e-03
   1.5791367e-01
   2.7409314e-01
   0.0000000e+00
