   0.0000000e+00
  -1.2540847e-01
   1.3774535e-01
  -4.6367770e-02
   3.6661085e-01
   1.7200822e-01
  -5.7871703e-02
  -6.7358779e-01
   4.1119616e-01
  -1.2241458e-01
  -8.5675914e-02
  -3.5642731e-02
  -3.4976264e-01
   2.4432140e-01
   1.8334240e-01
   1.6017456e-01
   2.1292526e-01
   2.4043637e-01
   1.5853358e-01
   4.2787038e-01
   6.3735400e-01
  -1.8733067e-01
   2.7167384e-01
   6.4175622e-02
   4.2157633e-01
  -1.2540847e-01
   0.0000000e+00
   4.0203449e-01
   4.7778686e-01
   2.4659309e-01
   8.4642837e-01
   4.1203485e-01
   1.9075773e-01
   2.1605201e-02
  -1.3606196e-01
   9.4549285e-01
   5.3969668e-01
  -2.1815714e-01
  -2.1416030e-01
  -3.9517833e-02
   2.6728993e-01
   1.2942156e-01
   2.1257227e-01
   1.1032855e-01
   3.5530723e-01
   4.2669396e-01
  -3.3429446e-01
  -1.0638479e-01
  -4.0150952e-01
   5.0714681e-01
   1.3774535e-01
   4.0203449e-01
   0.0000000e+00
  -2.2940896e-01
   1.9139452e-01
   7.1592090e-01
   4.6682276e-01
   2.5314186e-01
   3.1132304e-01
   8.6924243e-01
   3.8206717e-01
   6.9797738e-01
  -9.2590282e-02
   8.8777260e-02
   3.6845023e-01
   4.5630993e-01
   1.0541571e+00
   2.2616540e-01
   4.3607373e-01
   2.3888045e-01
   4.2186414e-01
   7.9645004e-01
   3.1217675e-01
   1.5256835e-01
   3.8027983e-01
  -4.6367770e-02
   4.7778686e-01
  -2.2940896e-01
   0.0000000e+00
   1.1135057e+00
   9.0011531e-02
   2.8211949e-01
   3.0463051e-01
   1.8043176e-01
   7.3579129e-01
  -1.5082977e-01
  -3.5226589e-01
   4.1271533e-01
   3.1773771e-01
   3.1183125e-01
   1.8322571e-01
   1.4157114e-01
   1.2584591e-01
   3.9837413e-01
   1.3032570e-01
  -8.0764530e-02
   1.0072158e+00
  -1.0617826e-01
   6.9078776e-02
  -1.5906700e-01
   3.6661085e-01
   2.4659309e-01
   1.9139452e-01
   1.1135057e+00
   0.0000000e+00
  -1.1502440e-01
   1.9735822e-02
   1.1051725e-02
  -1.4230004e-01
   5.5465848e-02
   5.3281930e-01
   3.5492326e-01
   2.9628147e-01
  -3.4816668e-01
   1.5725296e-01
   6.9910469e-02
  -8.2988347e-01
  -2.2393282e-01
  -1.1645987e-01
   7.1914082e-01
   2.9645731e-01
   3.3169083e-01
  -1.2483987e-01
  -2.8057481e-02
   4.3823334e-01
   1.7200822e-01
   8.4642837e-01
   7.1592090e-01
   9.0011531e-02
  -1.1502440e-01
   0.0000000e+00
   2.0850395e-02
  -2.1021501e-01
  -2.2255253e-01
   9.8332087e-02
   9.7200805e-01
  -1.8983247e-01
   2.1266230e-02
  -2.4815590e-01
   3.1153655e-01
   3.6322587e-02
  -3.0927601e-01
   1.4543598e-01
   2.7376533e-01
   1.5412932e-01
  -4.8344668e-01
  -2.8182898e-01
  -3.4375547e-01
  -3.0967989e-01
   2.2736437e-01
  -5.7871703e-02
   4.1203485e-01
   4.6682276e-01
   2.8211949e-01
   1.9735822e-02
   2.0850395e-02
   0.0000000e+00
  -4.6100610e-02
   7.0482931e-02
  -6.1602040e-01
   5.6266658e-01
   8.7801834e-02
   2.9029183e-01
  -7.5115908e-03
  -2.0579920e-02
   3.9490308e-01
  -2.9610820e-01
   4.2682749e-01
   6.0384357e-02
  -1.1559668e-01
  -1.4831676e-01
   3.8212204e-01
   4.4901354e-01
  -4.4829524e-01
   7.0124323e-02
  -6.7358779e-01
   1.9075773e-01
   2.5314186e-01
   3.0463051e-01
   1.1051725e-02
  -2.1021501e-01
  -4.6100610e-02
   0.0000000e+00
   2.0838862e-01
   4.2819921e-02
   1.0216126e-02
   2.1491606e-01
  -5.3658451e-05
   4.7349097e-02
   1.5194939e-01
   8.3588620e-02
   3.8322458e-01
   1.7982510e-01
   3.1643888e-01
   4.3264893e-01
   1.5462263e-01
  -2.2803116e-01
  -6.9827879e-01
   4.4518417e-01
   9.7260262e-02
   4.1119616e-01
   2.1605201e-02
   3.1132304e-01
   1.8043176e-01
  -1.4230004e-01
  -2.2255253e-01
   7.0482931e-02
   2.0838862e-01
   0.0000000e+00
   2.1980200e-01
   3.3912382e-01
   2.3528052e-03
  -6.3451418e-02
   4.6204578e-01
  -4.1169062e-01
   9.4715353e-01
   8.5024034e-02
   1.1503353e+00
  -4.3903216e-01
   5.7017707e-01
   7.4302092e-01
   6.3223247e-01
   1.2880312e-01
  -1.3675960e-02
   5.0811219e-02
  -1.2241458e-01
  -1.3606196e-01
   8.6924243e-01
   7.3579129e-01
   5.5465848e-02
   9.8332087e-02
  -6.1602040e-01
   4.2819921e-02
   2.1980200e-01
   0.0000000e+00
   6.9443812e-01
   5.6877483e-01
   3.2284434e-01
   6.9796410e-01
  -7.4118357e-01
  -1.4679866e-02
   1.5349397e-01
  -6.2300412e-01
   5.5189962e-02
   1.5831962e-03
   4.3696086e-02
  -9.9612574e-02
   3.8408825e-01
   3.7363418e-01
   3.5827226e-01
  -8.5675914e-02
   9.4549285e-01
   3.8206717e-01
  -1.5082977e-01
   5.3281930e-01
   9.7200805e-01
   5.6266658e-01
   1.0216126e-02
   3.3912382e-01
   6.9443812e-01
   0.0000000e+00
   4.2894323e-01
   4.8560496e-01
   3.1991008e-01
   5.7111258e-01
   3.5705638e-01
   1.3304695e-01
   8.4424598e-01
  -3.2984547e-02
   2.4005159e-01
   8.2497260e-01
   1.1447909e-01
   2.1300870e-01
   5.7255575e-01
  -3.2572456e-01
  -3.5642731e-02
   5.3969668e-01
   6.9797738e-01
  -3.5226589e-01
   3.5492326e-01
  -1.8983247e-01
   8.7801834e-02
   2.1491606e-01
   2.3528052e-03
   5.6877483e-01
   4.2894323e-01
   0.0000000e+00
   2.0941020e-01
   6.0636514e-01
   3.5771752e-01
   3.5737937e-01
  -7.9775532e-02
   5.2648129e-01
   1.1645915e-01
   6.4984294e-01
   6.6537415e-03
   3.4963106e-01
   8.1959672e-01
   4.9833291e-01
   1.6141494e-01
  -3.4976264e-01
  -2.1815714e-01
  -9.2590282e-02
   4.1271533e-01
   2.9628147e-01
   2.1266230e-02
   2.9029183e-01
  -5.3658451e-05
  -6.3451418e-02
   3.2284434e-01
   4.8560496e-01
   2.0941020e-01
   0.0000000e+00
   1.4697118e-01
   6.7769731e-02
   9.5090549e-01
   3.7510612e-01
  -4.1166672e-02
   3.1515352e-01
  -1.7271036e-01
   8.5879249e-02
  -2.4140947e-02
   4.9837232e-02
   4.7715980e-01
   2.9168951e-01
   2.4432140e-01
  -2.1416030e-01
   8.8777260e-02
   3.1773771e-01
  -3.4816668e-01
  -2.4815590e-01
  -7.5115908e-03
   4.7349097e-02
   4.6204578e-01
   6.9796410e-01
   3.1991008e-01
   6.0636514e-01
   1.4697118e-01
   0.0000000e+00
  -4.2333965e-01
  -2.4188434e-01
   9.7705997e-02
   3.3264943e-01
   6.6219407e-01
   4.1819873e-01
  -1.8274688e-01
  -3.4653935e-01
  -1.2778400e-01
  -1.2922183e-01
   5.1865488e-02
   1.8334240e-01
  -3.9517833e-02
   3.6845023e-01
   3.1183125e-01
   1.5725296e-01
   3.1153655e-01
  -2.0579920e-02
   1.5194939e-01
  -4.1169062e-01
  -7.4118357e-01
   5.7111258e-01
   3.5771752e-01
   6.7769731e-02
  -4.2333965e-01
   0.0000000e+00
  -1.2684946e-01
   1.5153346e-01
  -1.0502999e-02
   2.9139468e-01
   8.9131673e-02
   6.9744032e-02
  -2.6961992e-01
  -6.1956344e-01
   8.9899325e-02
   4.2989585e-01
   1.6017456e-01
   2.6728993e-01
   4.5630993e-01
   1.8322571e-01
   6.9910469e-02
   3.6322587e-02
   3.9490308e-01
   8.3588620e-02
   9.4715353e-01
  -1.4679866e-02
   3.5705638e-01
   3.5737937e-01
   9.5090549e-01
  -2.4188434e-01
  -1.2684946e-01
   0.0000000e+00
  -1.1090192e-02
   4.0777465e-01
   3.3004645e-01
  -1.2260845e-01
   3.2418205e-01
   1.0534206e-01
  -6.6496987e-02
  -2.4894913e-02
   8.1952329e-03
   2.1292526e-01
   1.2942156e-01
   1.0541571e+00
   1.4157114e-01
  -8.2988347e-01
  -3.0927601e-01
  -2.9610820e-01
   3.8322458e-01
   8.5024034e-02
   1.5349397e-01
   1.3304695e-01
  -7.9775532e-02
   3.7510612e-01
   9.7705997e-02
   1.5153346e-01
  -1.1090192e-02
   0.0000000e+00
   9.7076339e-02
   1.0859761e-01
   1.6993768e-01
  -1.6071238e-01
  -8.5110717e-01
   3.7207598e-01
   7.2896452e-02
   2.4528765e-01
   2.4043637e-01
   2.1257227e-01
   2.2616540e-01
   1.2584591e-01
  -2.2393282e-01
   1.4543598e-01
   4.2682749e-01
   1.7982510e-01
   1.1503353e+00
  -6.2300412e-01
   8.4424598e-01
   5.2648129e-01
  -4.1166672e-02
   3.3264943e-01
  -1.0502999e-02
   4.0777465e-01
   9.7076339e-02
   0.0000000e+00
  -1.5876955e-01
  -3.5830653e-01
   2.9647819e-02
   3.7217463e-02
   1.9123608e-01
   1.7509226e-01
  -2.5276661e-01
   1.5853358e-01
   1.1032855e-01
   4.3607373e-01
   3.9837413e-01
  -1.1645987e-01
   2.7376533e-01
   6.0384357e-02
   3.1643888e-01
  -4.3903216e-01
   5.5189962e-02
  -3.2984547e-02
   1.1645915e-01
   3.1515352e-01
   6.6219407e-01
   2.9139468e-01
   3.3004645e-01
   1.0859761e-01
  -1.5876955e-01
   0.0000000e+00
  -1.1982871e-01
  -1.1075294e-01
  -1.6614722e-01
   5.3144188e-01
   6.2000814e-01
  -1.4571973e-01
   4.2787038e-01
   3.5530723e-01
   2.3888045e-01
   1.3032570e-01
   7.1914082e-01
   1.5412932e-01
  -1.1559668e-01
   4.3264893e-01
   5.7017707e-01
   1.5831962e-03
   2.4005159e-01
   6.4984294e-01
  -1.7271036e-01
   4.1819873e-01
   8.9131673e-02
  -1.2260845e-01
   1.6993768e-01
  -3.5830653e-01
  -1.1982871e-01
   0.0000000e+00
   4.8900429e-02
   3.7223217e-01
   3.4335296e-01
   1.9642962e-01
   3.5124972e-02
   6.3735400e-01
   4.2669396e-01
   4.2186414e-01
  -8.0764530e-02
   2.9645731e-01
  -4.8344668e-01
  -1.4831676e-01
   1.5462263e-01
   7.4302092e-01
   4.3696086e-02
   8.2497260e-01
   6.6537415e-03
   8.5879249e-02
  -1.8274688e-01
   6.9744032e-02
   3.2418205e-01
  -1.6071238e-01
   2.9647819e-02
  -1.1075294e-01
   4.8900429e-02
   0.0000000e+00
  -3.6793261e-01
   1.6125741e-01
   1.4429099e-01
   4.7725601e-01
  -1.8733067e-01
  -3.3429446e-01
   7.9645004e-01
   1.0072158e+00
   3.3169083e-01
  -2.8182898e-01
   3.8212204e-01
  -2.2803116e-01
   6.3223247e-01
  -9.9612574e-02
   1.1447909e-01
   3.4963106e-01
  -2.4140947e-02
  -3.4653935e-01
  -2.6961992e-01
   1.0534206e-01
  -8.5110717e-01
   3.7217463e-02
  -1.6614722e-01
   3.7223217e-01
  -3.6793261e-01
   0.0000000e+00
  -1.6866853e-01
  -2.7501619e-01
  -2.0524984e-01
   2.7167384e-01
  -1.0638479e-01
   3.1217675e-01
  -1.0617826e-01
  -1.2483987e-01
  -3.4375547e-01
   4.4901354e-01
  -6.9827879e-01
   1.2880312e-01
   3.8408825e-01
   2.1300870e-01
   8.1959672e-01
   4.9837232e-02
  -1.2778400e-01
  -6.1956344e-01
  -6.6496987e-02
   3.7207598e-01
   1.9123608e-01
   5.3144188e-01
   3.4335296e-01
   1.6125741e-01
  -1.6866853e-01
   0.0000000e+00
  -7.1744165e-02
   2.9613517e-01
   6.4175622e-02
  -4.0150952e-01
   1.5256835e-01
   6.9078776e-02
  -2.8057481e-02
  -3.0967989e-01
  -4.4829524e-01
   4.4518417e-01
  -1.3675960e-02
   3.7363418e-01
   5.7255575e-01
   4.9833291e-01
   4.7715980e-01
  -1.2922183e-01
   8.9899325e-02
  -2.4894913e-02
   7.2896452e-02
   1.7509226e-01
   6.2000814e-01
   1.9642962e-01
   1.4429099e-01
  -2.7501619e-01
  -7.1744165e-02
   0.0000000e+00
   8.5400169e-01
   4.2157633e-01
   5.0714681e-01
   3.8027983e-01
  -1.5906700e-01
   4.3823334e-01
   2.2736437e-01
   7.0124323e-02
   9.7260262e-02
   5.0811219e-02
   3.5827226e-01
  -3.2572456e-01
   1.6141494e-01
   2.9168951e-01
   5.1865488e-02
   4.2989585e-01
   8.1952329e-03
   2.4528765e-01
  -2.5276661e-01
  -1.4571973e-01
   3.5124972e-02
   4.7725601e-01
  -2.0524984e-01
   2.9613517e-01
   8.5400169e-01
   0.0000000e+00
