   0.0000000e+00
   1.5899104e-01
  -2.2508698e-01
  -6.6753645e-02
  -2.7496187e-01
  -3.6115651e-02
  -9.8029526e-02
   6.0676544e-01
  -3.3431354e-01
   2.4899322e-01
   1.3139682e-01
  -4.0521875e-02
   2.6045167e-01
  -1.2636529e-01
  -3.3456163e-02
  -1.7775560e-01
  -8.9232728e-02
  -1.4990043e-01
  -5.0432778e-03
  -3.7061434e-01
  -5.8194851e-01
   1.2825885e-01
  -3.0115063e-01
  -3.1547941e-01
  -3.2165358e-01
   1.5899104e-01
   0.0000000e+00
  -1.3967164e-01
  -2.5948294e-01
   3.7868362e-03
  -4.9752862e-01
  -1.9203636e-02
  -1.7863316e-01
   8.8822676e-02
   1.5587044e-01
  -5.8475454e-01
  -2.6233595e-01
   1.4125534e-01
   2.4703605e-01
   1.8384728e-01
  -1.6780713e-01
  -3.2302100e-02
   1.1824053e-01
  -1.3872266e-01
  -2.5395001e-01
  -2.5582424e-01
   3.2534358e-01
   2.0285618e-01
   3.1205524e-01
  -3.6374200e-01
  -2.2508698e-01
  -1.3967164e-01
   0.0000000e+00
   1.8704426e-01
  -2.2188625e-02
  -4.8534795e-01
  -2.4151832e-01
   3.5614952e-02
  -3.9011409e-01
  -5.3724352e-01
  -1.6990169e-01
  -3.7584820e-01
   9.4848401e-02
   1.0358418e-01
  -1.7847480e-01
  -2.8908087e-01
  -6.8308046e-01
  -5.1311151e-02
  -3.3299988e-01
  -1.7752050e-01
  -2.8404822e-01
  -5.7166364e-01
  -2.0360124e-01
  -6.1837362e-02
  -2.5341912e-01
  -6.6753645e-02
  -2.5948294e-01
   1.8704426e-01
   0.0000000e+00
  -8.5607086e-01
   7.2030888e-03
  -2.5774267e-01
  -1.8133979e-01
   8.3996918e-02
  -6.3314376e-01
   1.1042919e-01
   2.0221842e-01
  -1.6108290e-01
  -2.0530051e-01
  -1.9914823e-02
  -2.0932822e-02
  -7.4023365e-02
   6.6381404e-02
  -2.9832419e-01
  -1.9667374e-01
   3.3422321e-02
  -7.2224772e-01
  -7.3527347e-02
  -5.9015018e-02
   1.9090404e-01
  -2.7496187e-01
   3.7868362e-03
  -2.2188625e-02
  -8.5607086e-01
   0.0000000e+00
   2.1751376e-01
   1.0700997e-01
   1.6224348e-01
   1.2589998e-01
  -4.2678609e-02
  -3.1232976e-01
  -2.4205673e-01
  -1.0655733e-01
   4.2724304e-01
   2.2029276e-02
  -1.3281686e-01
   5.5918678e-01
   2.2775109e-01
   1.3326221e-01
  -2.1624050e-01
  -1.7284142e-01
  -2.0277074e-01
   2.0565560e-02
   9.0902536e-02
  -1.7412806e-01
  -3.6115651e-02
  -4.9752862e-01
  -4.8534795e-01
   7.2030888e-03
   2.1751376e-01
   0.0000000e+00
   9.1014644e-02
   2.4117437e-01
   5.5039438e-02
  -1.4206727e-01
  -6.7605830e-01
   2.5908232e-01
  -6.0144587e-02
   3.3193048e-01
  -6.9675283e-02
   3.2839107e-02
   3.3327121e-01
   1.1312303e-01
  -5.1762489e-03
   6.7817720e-02
   4.2800658e-01
   3.9744621e-01
   2.5763435e-01
   4.0576047e-01
  -1.4890916e-01
  -9.8029526e-02
  -1.9203636e-02
  -2.4151832e-01
  -2.5774267e-01
   1.0700997e-01
   9.1014644e-02
   0.0000000e+00
   7.4247344e-02
   3.9282866e-02
   4.9663366e-01
  -3.0905510e-01
   7.7881775e-02
  -1.0435882e-01
   1.0756958e-01
   1.1130069e-01
  -3.7553294e-01
   2.4900882e-01
  -1.1778784e-01
   1.5345460e-02
   1.6225938e-01
   1.5222939e-01
  -3.1411094e-01
  -1.6145860e-01
   5.0983644e-01
  -4.2530501e-02
   6.0676544e-01
  -1.7863316e-01
   3.5614952e-02
  -1.8133979e-01
   1.6224348e-01
   2.4117437e-01
   7.4247344e-02
   0.0000000e+00
  -1.1585503e-01
   4.9652159e-02
  -1.0424169e-02
  -1.8984417e-02
   1.9699506e-01
  -7.5896896e-02
  -2.5736399e-02
  -7.2792500e-02
  -3.2316505e-01
  -1.9915998e-01
  -2.2253789e-01
  -2.7008017e-01
  -2.0169825e-01
   2.7527356e-01
   6.6544543e-01
  -3.8311338e-01
  -1.1645178e-01
  -3.3431354e-01
   8.8822676e-02
  -3.9011409e-01
   8.3996918e-02
   1.2589998e-01
   5.5039438e-02
   3.9282866e-02
  -1.1585503e-01
   0.0000000e+00
  -1.9739591e-01
  -1.2136051e-01
  -1.9726234e-02
   1.0131164e-01
  -2.4037397e-01
   3.9514816e-01
  -6.8245424e-01
  -4.8566649e-02
  -7.2273620e-01
   1.9984359e-01
  -4.2514196e-01
  -7.5790571e-01
  -4.0070404e-01
  -5.5955494e-02
   3.0234111e-02
   5.6777775e-02
   2.4899322e-01
   1.5587044e-01
  -5.3724352e-01
  -6.3314376e-01
  -4.2678609e-02
  -1.4206727e-01
   4.9663366e-01
   4.9652159e-02
  -1.9739591e-01
   0.0000000e+00
  -4.6428566e-01
  -4.0710440e-01
  -1.7413414e-01
  -5.1657726e-01
   5.6084604e-01
  -2.0505290e-02
  -1.8761278e-01
   4.9871767e-01
  -1.6108825e-01
   2.7470456e-02
   3.5138746e-03
   3.4433555e-02
  -2.6576261e-01
  -2.6303205e-01
  -1.7153401e-01
   1.3139682e-01
  -5.8475454e-01
  -1.6990169e-01
   1.1042919e-01
  -3.1232976e-01
  -6.7605830e-01
  -3.0905510e-01
  -1.0424169e-02
  -1.2136051e-01
  -4.6428566e-01
   0.0000000e+00
  -2.4824758e-01
  -2.4150878e-01
  -1.3889682e-01
  -4.2149601e-01
  -2.2566702e-01
  -1.8789006e-01
  -5.2341886e-01
   9.9437011e-02
  -2.7260008e-01
  -5.6850346e-01
   1.0173371e-01
  -1.1820378e-01
  -3.7774143e-01
   2.5040385e-01
  -4.0521875e-02
  -2.6233595e-01
  -3.7584820e-01
   2.0221842e-01
  -2.4205673e-01
   2.5908232e-01
   7.7881775e-02
  -1.8984417e-02
  -1.9726234e-02
  -4.0710440e-01
  -2.4824758e-01
   0.0000000e+00
  -1.9615191e-01
  -4.0138441e-01
  -3.0119098e-01
  -2.2955849e-01
   1.0091429e-01
  -3.4846446e-01
  -9.9857338e-02
  -5.9292347e-01
   6.5642186e-02
  -1.7672248e-01
  -5.5579854e-01
  -3.0532216e-01
  -2.5070970e-01
   2.6045167e-01
   1.4125534e-01
   9.4848401e-02
  -1.6108290e-01
  -1.0655733e-01
  -6.0144587e-02
  -1.0435882e-01
   1.9699506e-01
   1.0131164e-01
  -1.7413414e-01
  -2.4150878e-01
  -1.9615191e-01
   0.0000000e+00
  -1.7225125e-01
  -3.2701180e-02
  -6.8303445e-01
  -2.8658882e-01
   8.5570907e-02
  -3.1054570e-01
   1.6802530e-01
  -1.1010832e-01
   1.4180258e-01
  -6.4990677e-02
  -4.7554595e-01
  -1.8668550e-01
  -1.2636529e-01
   2.4703605e-01
   1.0358418e-01
  -2.0530051e-01
   4.2724304e-01
   3.3193048e-01
   1.0756958e-01
  -7.5896896e-02
  -2.4037397e-01
  -5.1657726e-01
  -1.3889682e-01
  -4.0138441e-01
  -1.7225125e-01
   0.0000000e+00
   3.8514590e-01
   2.8811407e-01
   1.9191466e-01
  -1.8012370e-01
  -2.6323963e-01
  -3.1293167e-01
   2.1988792e-02
   3.6964489e-01
   2.7871745e-01
   1.6230841e-01
   1.3638892e-01
  -3.3456163e-02
   1.8384728e-01
  -1.7847480e-01
  -1.9914823e-02
   2.2029276e-02
  -6.9675283e-02
   1.1130069e-01
  -2.5736399e-02
   3.9514816e-01
   5.6084604e-01
  -4.2149601e-01
  -3.0119098e-01
  -3.2701180e-02
   3.8514590e-01
   0.0000000e+00
   2.5670831e-01
  -6.9272568e-02
   9.2047769e-02
  -1.4423402e-01
   2.3191297e-03
   3.9371255e-02
   6.9188808e-02
   4.9849793e-01
  -9.5547425e-02
  -3.2627008e-01
  -1.7775560e-01
  -1.6780713e-01
  -2.8908087e-01
  -2.0932822e-02
  -1.3281686e-01
   3.2839107e-02
  -3.7553294e-01
  -7.2792500e-02
  -6.8245424e-01
  -2.0505290e-02
  -2.2566702e-01
  -2.2955849e-01
  -6.8303445e-01
   2.8811407e-01
   2.5670831e-01
   0.0000000e+00
   1.0712010e-01
  -1.8312459e-01
  -2.4704868e-01
   3.0766221e-02
  -3.3368712e-01
  -5.7484059e-02
   1.3511988e-01
   3.4898799e-02
  -4.5040779e-02
  -8.9232728e-02
  -3.2302100e-02
  -6.8308046e-01
  -7.4023365e-02
   5.5918678e-01
   3.3327121e-01
   2.4900882e-01
  -3.2316505e-01
  -4.8566649e-02
  -1.8761278e-01
  -1.8789006e-01
   1.0091429e-01
  -2.8658882e-01
   1.9191466e-01
  -6.9272568e-02
   1.0712010e-01
   0.0000000e+00
   1.1680129e-01
  -5.5947574e-03
  -4.5461570e-02
   1.3322855e-01
   5.9617746e-01
  -1.5801646e-01
  -7.9391585e-03
  -7.9289021e-02
  -1.4990043e-01
   1.1824053e-01
  -5.1311151e-02
   6.6381404e-02
   2.2775109e-01
   1.1312303e-01
  -1.1778784e-01
  -1.9915998e-01
  -7.2273620e-01
   4.9871767e-01
  -5.2341886e-01
  -3.4846446e-01
   8.5570907e-02
  -1.8012370e-01
   9.2047769e-02
  -1.8312459e-01
   1.1680129e-01
   0.0000000e+00
   1.6062996e-01
   3.0632622e-01
  -2.4117934e-02
   9.4877134e-02
   2.0991481e-02
   1.8543501e-02
   2.5717930e-01
  -5.0432778e-03
  -1.3872266e-01
  -3.3299988e-01
  -2.9832419e-01
   1.3326221e-01
  -5.1762489e-03
   1.5345460e-02
  -2.2253789e-01
   1.9984359e-01
  -1.6108825e-01
   9.9437011e-02
  -9.9857338e-02
  -3.1054570e-01
  -2.6323963e-01
  -1.4423402e-01
  -2.4704868e-01
  -5.5947574e-03
   1.6062996e-01
   0.0000000e+00
   2.3478664e-01
   2.9185172e-04
   1.9147485e-01
  -2.1014000e-01
  -5.3917710e-01
   8.3823252e-02
  -3.7061434e-01
  -2.5395001e-01
  -1.7752050e-01
  -1.9667374e-01
  -2.1624050e-01
   6.7817720e-02
   1.6225938e-01
  -2.7008017e-01
  -4.2514196e-01
   2.7470456e-02
  -2.7260008e-01
  -5.9292347e-01
   1.6802530e-01
  -3.1293167e-01
   2.3191297e-03
   3.0766221e-02
  -4.5461570e-02
   3.0632622e-01
   2.3478664e-01
   0.0000000e+00
  -8.2427804e-02
  -2.5443619e-01
  -2.9536309e-01
  -1.5841101e-01
   5.1443106e-03
  -5.8194851e-01
  -2.5582424e-01
  -2.8404822e-01
   3.3422321e-02
  -1.7284142e-01
   4.2800658e-01
   1.5222939e-01
  -2.0169825e-01
  -7.5790571e-01
   3.5138746e-03
  -5.6850346e-01
   6.5642186e-02
  -1.1010832e-01
   2.1988792e-02
   3.9371255e-02
  -3.3368712e-01
   1.3322855e-01
  -2.4117934e-02
   2.9185172e-04
  -8.2427804e-02
   0.0000000e+00
   2.1134692e-01
  -2.1198055e-01
  -1.8724732e-01
  -3.0084590e-01
   1.2825885e-01
   3.2534358e-01
  -5.7166364e-01
  -7.2224772e-01
  -2.0277074e-01
   3.9744621e-01
  -3.1411094e-01
   2.7527356e-01
  -4.0070404e-01
   3.4433555e-02
   1.0173371e-01
  -1.7672248e-01
   1.4180258e-01
   3.6964489e-01
   6.9188808e-02
  -5.7484059e-02
   5.9617746e-01
   9.4877134e-02
   1.9147485e-01
  -2.5443619e-01
   2.1134692e-01
   0.0000000e+00
   1.7452527e-01
   2.7771589e-01
   2.0854095e-01
  -3.0115063e-01
   2.0285618e-01
  -2.0360124e-01
  -7.3527347e-02
   2.0565560e-02
   2.5763435e-01
  -1.6145860e-01
   6.6544543e-01
  -5.5955494e-02
  -2.6576261e-01
  -1.1820378e-01
  -5.5579854e-01
  -6.4990677e-02
   2.7871745e-01
   4.9849793e-01
   1.3511988e-01
  -1.5801646e-01
   2.0991481e-02
  -2.1014000e-01
  -2.9536309e-01
  -2.1198055e-01
   1.7452527e-01
   0.0000000e+00
   4.9137908e-02
  -1.3822150e-01
  -3.1547941e-01
   3.1205524e-01
  -6.1837362e-02
  -5.9015018e-02
   9.0902536e-02
   4.0576047e-01
   5.0983644e-01
  -3.8311338e-01
   3.0234111e-02
  -2.6303205e-01
  -3.7774143e-01
  -3.0532216e-01
  -4.7554595e-01
   1.6230841e-01
  -9.5547425e-02
   3.4898799e-02
  -7.9391585e-03
   1.8543501e-02
  -5.3917710e-01
  -1.5841101e-01
  -1.8724732e-01
   2.7771589e-01
   4.9137908e-02
   0.0000000e+00
  -5.7990855e-01
  -3.2165358e-01
  -3.6374200e-01
  -2.5341912e-01
   1.9090404e-01
  -1.7412806e-01
  -1.4890916e-01
  -4.2530501e-02
  -1.1645178e-01
   5.6777775e-02
  -1.7153401e-01
   2.5040385e-01
  -2.5070970e-01
  -1.8668550e-01
   1.3638892e-01
  -3.2627008e-01
  -4.5040779e-02
  -7.9289021e-02
   2.5717930e-01
   8.3823252e-02
   5.1443106e-03
  -3.0084590e-01
   2.0854095e-01
  -1.3822150e-01
  -5.7990855e-01
   0.0000000e+00
