   0.0000000e+00
   1.5678995e-01
   8.3155201e-03
  -1.4518757e-01
   1.3969343e-02
  -7.8976754e-03
  -6.7732496e-02
   8.3279749e-02
   9.1530679e-02
   3.4255509e-02
  -4.8988949e-03
   1.4054110e-01
  -4.2658735e-02
  -1.2000129e-01
  -1.5189074e-01
  -1.9236500e-03
  -2.0782628e-02
  -9.0095766e-02
   4.8019862e-03
   3.9028956e-05
  -1.6622083e-01
  -5.9136691e-02
  -5.6588995e-02
  -3.7490791e-02
  -2.3659150e-01
   1.5678995e-01
   0.0000000e+00
   1.4377992e-01
   1.5421838e-01
   1.2889786e-01
   3.8011655e-01
   1.0099056e-01
   5.7367125e-02
  -8.3306646e-02
   8.8420518e-02
   1.7075191e-01
   2.2398759e-02
   7.4773082e-02
   1.6734491e-01
   1.2383419e-01
   9.2847583e-02
  -2.8730923e-02
   4.9144480e-02
   1.0779013e-02
   1.0674227e-01
  -2.2491566e-02
  -1.5037143e-02
  -1.1967857e-02
   1.1409363e-01
  -1.8966748e-01
   8.3155201e-03
   1.4377992e-01
   0.0000000e+00
   1.9490518e-02
   8.9408160e-04
   7.3319873e-02
   1.4533856e-01
   1.1723126e-01
   1.8654937e-01
   2.0135255e-02
  -2.4967469e-02
   4.6964730e-02
   9.9902883e-02
   5.5357108e-02
  -1.7247708e-02
  -7.6671612e-02
  -1.0030843e-01
   1.5427194e-02
   8.1388823e-02
   6.1712962e-02
   9.3408982e-02
  -1.3228908e-01
  -1.5016887e-01
  -6.7869726e-02
   1.7284863e-02
  -1.4518757e-01
   1.5421838e-01
   1.9490518e-02
   0.0000000e+00
  -2.8628793e-02
   1.7230229e-01
   1.3228222e-01
   1.0629176e-01
  -6.5804905e-02
  -3.6668892e-02
   7.9194984e-02
  -1.2698553e-01
   3.3855857e-02
  -7.1188031e-02
  -1.0137418e-01
  -1.0595141e-01
   4.6295783e-03
   2.6588625e-02
   3.4233003e-02
  -1.9872203e-01
   1.0966559e-01
  -6.9975461e-02
  -3.0859226e-02
  -1.1348126e-01
   1.5505277e-01
   1.3969343e-02
   1.2889786e-01
   8.9408160e-04
  -2.8628793e-02
   0.0000000e+00
  -8.2858665e-02
  -1.7489469e-02
  -3.5221524e-02
   8.6611884e-04
   3.9513255e-01
   1.9872366e-01
   5.3134906e-02
   6.6520791e-02
  -1.1787483e-01
   1.5886644e-01
   6.0950550e-02
  -1.4661587e-01
   1.7783928e-01
  -7.4040655e-03
   3.2288534e-03
  -1.8015951e-01
  -1.6705398e-03
  -1.7850713e-01
  -7.5249627e-03
  -1.2134524e-01
  -7.8976754e-03
   3.8011655e-01
   7.3319873e-02
   1.7230229e-01
  -8.2858665e-02
   0.0000000e+00
   1.4625549e-01
   8.2055655e-02
  -5.4484068e-02
  -2.1460524e-01
   1.0960061e-01
  -7.1123315e-02
   7.5899104e-02
   1.5213700e-01
   1.4155810e-02
   1.3383412e-01
   9.8211486e-02
   1.6155411e-01
   2.7141141e-02
   1.1189185e-02
   1.3971481e-01
   7.3817061e-02
   1.2883668e-01
   1.0605295e-01
  -7.3885403e-03
  -6.7732496e-02
   1.0099056e-01
   1.4533856e-01
   1.3228222e-01
  -1.7489469e-02
   1.4625549e-01
   0.0000000e+00
   2.4249283e-01
  -7.9491647e-02
  -8.6456451e-02
  -8.5200448e-02
  -4.6007919e-02
   1.2531857e-01
   2.7735668e-01
  -5.1081574e-02
  -7.4879716e-02
  -5.0606646e-02
   6.2877906e-02
  -7.5666698e-02
  -1.0124005e-01
  -1.5842246e-02
  -2.4919495e-01
  -3.0318117e-02
  -5.3215824e-02
  -1.5324717e-01
   8.3279749e-02
   5.7367125e-02
   1.1723126e-01
   1.0629176e-01
  -3.5221524e-02
   8.2055655e-02
   2.4249283e-01
   0.0000000e+00
   2.0675556e-02
   2.1034478e-01
  -5.0825915e-03
   1.4073173e-01
  -4.2331148e-02
  -1.2802595e-02
  -1.0937947e-01
   1.9408306e-01
   5.8494879e-02
  -4.7264130e-02
   3.7571853e-02
   9.5680197e-02
  -5.7211240e-02
  -8.2174459e-02
   4.4006735e-02
   5.7722785e-02
   1.0720614e-01
   9.1530679e-02
  -8.3306646e-02
   1.8654937e-01
  -6.5804905e-02
   8.6611884e-04
  -5.4484068e-02
  -7.9491647e-02
   2.0675556e-02
   0.0000000e+00
  -1.4774527e-01
   1.0278934e-01
   6.6764499e-02
   1.4842029e-01
  -2.4551312e-02
  -5.7614204e-02
  -2.3574991e-01
  -1.3435818e-01
   1.2011856e-01
   2.7163140e-02
   7.9079600e-02
  -6.5803244e-02
  -2.0175807e-01
  -7.6188259e-02
  -6.5316604e-02
   5.8707422e-02
   3.4255509e-02
   8.8420518e-02
   2.0135255e-02
  -3.6668892e-02
   3.9513255e-01
  -2.1460524e-01
  -8.6456451e-02
   2.1034478e-01
  -1.4774527e-01
   0.0000000e+00
   1.5077472e-01
  -2.5364005e-02
  -9.0937702e-02
  -5.9209529e-03
   1.9790910e-02
  -7.0869954e-02
  -4.4035570e-02
   1.6889472e-01
  -1.0496564e-01
  -7.3297652e-02
   4.0414985e-02
  -1.0353127e-01
  -1.2181933e-01
  -2.4802866e-01
  -3.3613923e-01
  -4.8988949e-03
   1.7075191e-01
  -2.4967469e-02
   7.9194984e-02
   1.9872366e-01
   1.0960061e-01
  -8.5200448e-02
  -5.0825915e-03
   1.0278934e-01
   1.5077472e-01
   0.0000000e+00
   5.0857305e-02
   1.0773037e-01
  -3.6580586e-02
   1.4602017e-01
   5.4095971e-02
  -2.7690847e-02
  -5.8049536e-02
   8.6656934e-02
   1.4468000e-01
  -7.1950410e-03
   1.7989408e-02
  -5.0982503e-02
   6.6197203e-03
   1.5648982e-01
   1.4054110e-01
   2.2398759e-02
   4.6964730e-02
  -1.2698553e-01
   5.3134906e-02
  -7.1123315e-02
  -4.6007919e-02
   1.4073173e-01
   6.6764499e-02
  -2.5364005e-02
   5.0857305e-02
   0.0000000e+00
   7.7051548e-02
   1.1431648e-01
  -8.7035464e-02
  -2.5019249e-02
   5.2479615e-02
  -1.3864474e-04
   1.6943024e-01
   5.1058303e-02
  -9.4573240e-02
   3.6450444e-02
  -1.2313584e-01
  -5.9725854e-02
   1.4847812e-01
  -4.2658735e-02
   7.4773082e-02
   9.9902883e-02
   3.3855857e-02
   6.6520791e-02
   7.5899104e-02
   1.2531857e-01
  -4.2331148e-02
   1.4842029e-01
  -9.0937702e-02
   1.0773037e-01
   7.7051548e-02
   0.0000000e+00
  -1.8858615e-01
   1.0467332e-01
  -1.1427013e-02
   3.5248948e-02
  -9.0251386e-02
   8.2130139e-02
   5.2453091e-02
  -6.5030163e-02
   7.6398875e-02
  -7.3352918e-02
   3.1647133e-03
  -1.0295516e-01
  -1.2000129e-01
   1.6734491e-01
   5.5357108e-02
  -7.1188031e-02
  -1.1787483e-01
   1.5213700e-01
   2.7735668e-01
  -1.2802595e-02
  -2.4551312e-02
  -5.9209529e-03
  -3.6580586e-02
   1.1431648e-01
  -1.8858615e-01
   0.0000000e+00
   1.0168107e-01
   1.1191016e-01
   4.6189441e-02
   9.3001970e-02
  -5.6598117e-02
   1.5653260e-02
  -2.3611447e-01
  -3.2903456e-03
  -1.2117470e-01
  -6.4108832e-03
   8.0026978e-02
  -1.5189074e-01
   1.2383419e-01
  -1.7247708e-02
  -1.0137418e-01
   1.5886644e-01
   1.4155810e-02
  -5.1081574e-02
  -1.0937947e-01
  -5.7614204e-02
   1.9790910e-02
   1.4602017e-01
  -8.7035464e-02
   1.0467332e-01
   1.0168107e-01
   0.0000000e+00
   8.3733997e-02
   2.6593681e-01
  -4.5438046e-02
   1.1981849e-01
   1.9110237e-02
   2.4514514e-01
   1.3852137e-01
   1.2891335e-01
  -5.2732371e-02
  -1.2403845e-01
  -1.9236500e-03
   9.2847583e-02
  -7.6671612e-02
  -1.0595141e-01
   6.0950550e-02
   1.3383412e-01
  -7.4879716e-02
   1.9408306e-01
  -2.3574991e-01
  -7.0869954e-02
   5.4095971e-02
  -2.5019249e-02
  -1.1427013e-02
   1.1191016e-01
   8.3733997e-02
   0.0000000e+00
  -6.3577939e-02
   5.6449659e-02
   1.1159326e-01
  -1.5597971e-02
  -1.4347835e-02
  -1.8844228e-01
   3.7193216e-02
   1.0961692e-01
  -1.4867140e-02
  -2.0782628e-02
  -2.8730923e-02
  -1.0030843e-01
   4.6295783e-03
  -1.4661587e-01
   9.8211486e-02
  -5.0606646e-02
   5.8494879e-02
  -1.3435818e-01
  -4.4035570e-02
  -2.7690847e-02
   5.2479615e-02
   3.5248948e-02
   4.6189441e-02
   2.6593681e-01
  -6.3577939e-02
   0.0000000e+00
   1.3388583e-01
   4.8624889e-02
   7.3167235e-02
   3.3776156e-02
  -1.1398936e-01
  -6.1476360e-02
  -7.4706717e-02
   1.2327397e-01
  -9.0095766e-02
   4.9144480e-02
   1.5427194e-02
   2.6588625e-02
   1.7783928e-01
   1.6155411e-01
   6.2877906e-02
  -4.7264130e-02
   1.2011856e-01
   1.6889472e-01
  -5.8049536e-02
  -1.3864474e-04
  -9.0251386e-02
   9.3001970e-02
  -4.5438046e-02
   5.6449659e-02
   1.3388583e-01
   0.0000000e+00
  -2.0203270e-02
   2.4126675e-01
  -1.4304165e-01
   1.3164080e-01
   1.6359748e-01
   2.0878923e-01
   1.0339969e-01
   4.8019862e-03
   1.0779013e-02
   8.1388823e-02
   3.4233003e-02
  -7.4040655e-03
   2.7141141e-02
  -7.5666698e-02
   3.7571853e-02
   2.7163140e-02
  -1.0496564e-01
   8.6656934e-02
   1.6943024e-01
   8.2130139e-02
  -5.6598117e-02
   1.1981849e-01
   1.1159326e-01
   4.8624889e-02
  -2.0203270e-02
   0.0000000e+00
   1.2664267e-01
   9.6288370e-02
  -7.1378352e-02
   3.9957233e-02
   3.9796861e-02
   1.6493568e-01
   3.9028956e-05
   1.0674227e-01
   6.1712962e-02
  -1.9872203e-01
   3.2288534e-03
   1.1189185e-02
  -1.0124005e-01
   9.5680197e-02
   7.9079600e-02
  -7.3297652e-02
   1.4468000e-01
   5.1058303e-02
   5.2453091e-02
   1.5653260e-02
   1.9110237e-02
  -1.5597971e-02
   7.3167235e-02
   2.4126675e-01
   1.2664267e-01
   0.0000000e+00
   8.2963809e-02
  -1.3888624e-01
  -1.8551170e-01
  -1.3829420e-01
   7.7830417e-02
  -1.6622083e-01
  -2.2491566e-02
   9.3408982e-02
   1.0966559e-01
  -1.8015951e-01
   1.3971481e-01
  -1.5842246e-02
  -5.7211240e-02
  -6.5803244e-02
   4.0414985e-02
  -7.1950410e-03
  -9.4573240e-02
  -6.5030163e-02
  -2.3611447e-01
   2.4514514e-01
  -1.4347835e-02
   3.3776156e-02
  -1.4304165e-01
   9.6288370e-02
   8.2963809e-02
   0.0000000e+00
   3.2675457e-02
   8.2123847e-02
  -2.6865781e-02
   7.7773865e-02
  -5.9136691e-02
  -1.5037143e-02
  -1.3228908e-01
  -6.9975461e-02
  -1.6705398e-03
   7.3817061e-02
  -2.4919495e-01
  -8.2174459e-02
  -2.0175807e-01
  -1.0353127e-01
   1.7989408e-02
   3.6450444e-02
   7.6398875e-02
  -3.2903456e-03
   1.3852137e-01
  -1.8844228e-01
  -1.1398936e-01
   1.3164080e-01
  -7.1378352e-02
  -1.3888624e-01
   3.2675457e-02
   0.0000000e+00
  -1.0792698e-04
   9.5681727e-02
   3.1724498e-02
  -5.6588995e-02
  -1.1967857e-02
  -1.5016887e-01
  -3.0859226e-02
  -1.7850713e-01
   1.2883668e-01
  -3.0318117e-02
   4.4006735e-02
  -7.6188259e-02
  -1.2181933e-01
  -5.0982503e-02
  -1.2313584e-01
  -7.3352918e-02
  -1.2117470e-01
   1.2891335e-01
   3.7193216e-02
  -6.1476360e-02
   1.6359748e-01
   3.9957233e-02
  -1.8551170e-01
   8.2123847e-02
  -1.0792698e-04
   0.0000000e+00
  -3.0617778e-02
  -8.1413321e-02
  -3.7490791e-02
   1.1409363e-01
  -6.7869726e-02
  -1.1348126e-01
  -7.5249627e-03
   1.0605295e-01
  -5.3215824e-02
   5.7722785e-02
  -6.5316604e-02
  -2.4802866e-01
   6.6197203e-03
  -5.9725854e-02
   3.1647133e-03
  -6.4108832e-03
  -5.2732371e-02
   1.0961692e-01
  -7.4706717e-02
   2.0878923e-01
   3.9796861e-02
  -1.3829420e-01
  -2.6865781e-02
   9.5681727e-02
  -3.0617778e-02
   0.0000000e+00
  -1.2241621e-01
  -2.3659150e-01
  -1.8966748e-01
   1.7284863e-02
   1.5505277e-01
  -1.2134524e-01
  -7.3885403e-03
  -1.5324717e-01
   1.0720614e-01
   5.8707422e-02
  -3.3613923e-01
   1.5648982e-01
   1.4847812e-01
  -1.0295516e-01
   8.0026978e-02
  -1.2403845e-01
  -1.4867140e-02
   1.2327397e-01
   1.0339969e-01
   1.6493568e-01
   7.7830417e-02
   7.7773865e-02
   3.1724498e-02
  -8.1413321e-02
  -1.2241621e-01
   0.0000000e+00
