   0.0000000e+00
   2.0324972e-01
  -1.8650549e-01
   4.2980370e-01
  -2.8049516e-01
   9.8635636e-02
   2.8534424e-01
  -4.8694360e-01
   5.5077337e-02
  -4.0137745e-01
  -2.0775325e-01
   6.4100040e-02
   4.6223706e-02
   1.6376754e-01
   4.4064556e-01
   5.9641674e-03
   3.7307751e-01
   9.6104099e-02
  -1.3046894e-01
   3.5203132e-01
   7.6550633e-01
  -8.2533238e-02
   3.5208620e-01
   4.7818494e-02
   8.0819296e-01
   2.0324972e-01
   0.0000000e+00
  -2.3906467e-01
  -1.9742022e-01
  -2.1117729e-01
  -5.8967641e-01
   1.2587016e-01
   3.5838035e-02
   1.9223964e-01
  -4.6540228e-02
  -2.6732831e-02
  -1.8697104e-01
   7.0553010e-02
  -4.6122110e-01
  -7.0598197e-02
  -1.0533540e-01
  -2.4818379e-01
   3.7265411e-01
  -2.5958437e-01
   1.5232072e-01
  -2.6096861e-01
  -2.0314567e-02
   1.3622827e-01
  -1.0440226e-02
   7.0123638e-01
  -1.8650549e-01
  -2.3906467e-01
   0.0000000e+00
  -5.1818273e-03
  -8.7082137e-02
  -2.0786200e-01
  -4.7454170e-01
   1.0839060e-01
  -5.1996264e-01
  -1.8130145e-03
   5.0544807e-01
  -1.9757578e-01
  -1.9975708e-01
  -5.5896943e-02
   3.7801410e-01
   3.7588290e-02
   8.4869797e-01
   2.0498915e-01
  -3.4351557e-01
  -5.7389740e-02
  -3.7604804e-01
   5.5670267e-01
   3.5677452e-02
   4.3953249e-01
   4.6886003e-01
   4.2980370e-01
  -1.9742022e-01
  -5.1818273e-03
   0.0000000e+00
   2.6146399e-02
   2.4468385e-01
  -2.8120977e-01
   4.7801330e-01
   6.7302239e-01
   4.7913599e-01
  -1.3583662e-01
   3.6044081e-01
   1.9895442e-01
   1.8678413e-01
   5.8079469e-01
   4.9342796e-01
   3.4283043e-01
   7.1687613e-01
   1.9846932e-01
   3.6302685e-01
  -4.1013609e-01
   3.7930723e-01
   5.9679115e-02
   2.3724225e-01
  -2.3837658e-01
  -2.8049516e-01
  -2.1117729e-01
  -8.7082137e-02
   2.6146399e-02
   0.0000000e+00
   2.7455840e-01
  -1.1536721e-02
   1.5465567e-01
   1.6182434e-01
  -2.6575720e-01
  -7.1774826e-01
   7.1825830e-02
  -4.3380467e-01
   3.6903852e-01
   1.5123950e-01
  -1.4045609e-01
   4.7323797e-01
  -6.1289977e-01
   9.6566846e-02
  -3.2129389e-01
   3.9644069e-01
   3.8827073e-01
   2.1360588e-01
   5.2458431e-01
   2.5663395e-01
   9.8635636e-02
  -5.8967641e-01
  -2.0786200e-01
   2.4468385e-01
   2.7455840e-01
   0.0000000e+00
  -2.1950576e-01
   4.4665814e-01
   2.4921107e-01
   2.1472734e-01
   2.2232536e-01
   3.9664757e-01
  -1.0413754e-01
  -4.2184565e-01
   5.4471759e-02
  -5.2535019e-01
   1.0750271e-01
  -1.8244980e-01
   9.4639493e-02
  -9.5452591e-02
  -7.1674683e-01
   2.4190329e-03
  -2.4326119e-01
  -6.6250709e-01
   1.6968552e-01
   2.8534424e-01
   1.2587016e-01
  -4.7454170e-01
  -2.8120977e-01
  -1.1536721e-02
  -2.1950576e-01
   0.0000000e+00
  -2.8498315e-01
  -7.8505084e-03
   3.3179868e-01
   2.2873498e-01
   5.6211234e-02
  -2.2304942e-01
  -2.2112304e-01
   1.1079716e-01
   1.0182846e-01
   1.0165586e-01
  -6.9861662e-03
   2.3817326e-01
   5.3082638e-02
   1.3614609e-01
   5.2761563e-01
   9.9702286e-02
   1.4179299e-01
   3.0714790e-01
  -4.8694360e-01
   3.5838035e-02
   1.0839060e-01
   4.7801330e-01
   1.5465567e-01
   4.4665814e-01
  -2.8498315e-01
   0.0000000e+00
   3.7676927e-01
  -7.7172522e-02
   3.8681548e-01
  -2.5062833e-01
  -1.8517678e-01
  -3.5461902e-01
   5.7715026e-01
  -3.1850085e-01
   4.3258147e-01
   2.5215801e-01
   1.9502853e-01
  -7.8840646e-02
   2.0654069e-01
   3.4367076e-01
  -3.4046990e-01
  -1.7718381e-02
  -2.9461922e-01
   5.5077337e-02
   1.9223964e-01
  -5.1996264e-01
   6.7302239e-01
   1.6182434e-01
   2.4921107e-01
  -7.8505084e-03
   3.7676927e-01
   0.0000000e+00
   5.4620138e-01
   8.5500330e-02
   3.6978775e-01
  -1.6907849e-01
   4.6160485e-01
   2.7628528e-01
   5.8402838e-01
   3.1929597e-01
   6.8472889e-01
  -1.1075882e-02
   3.7326020e-01
   3.0078195e-01
   7.0704959e-01
   3.6297771e-01
   3.9253956e-01
   2.1028976e-01
  -4.0137745e-01
  -4.6540228e-02
  -1.8130145e-03
   4.7913599e-01
  -2.6575720e-01
   2.1472734e-01
   3.3179868e-01
  -7.7172522e-02
   5.4620138e-01
   0.0000000e+00
  -1.4098643e-01
  -2.0161688e-01
   4.4636810e-01
  -6.8123990e-01
   4.1197708e-01
  -5.7348554e-01
   3.2119855e-01
  -2.7089624e-01
   4.7009413e-01
   2.0666967e-01
   3.1854473e-01
   8.0345898e-01
  -2.1489540e-01
  -6.3471238e-02
   8.7743100e-01
  -2.0775325e-01
  -2.6732831e-02
   5.0544807e-01
  -1.3583662e-01
  -7.1774826e-01
   2.2232536e-01
   2.2873498e-01
   3.8681548e-01
   8.5500330e-02
  -1.4098643e-01
   0.0000000e+00
   3.6183765e-01
   5.2212113e-02
   1.9737573e-01
  -3.7740263e-01
   1.6512328e-01
   1.7972135e-01
   4.1184780e-01
  -4.3964574e-01
  -1.6289414e-01
  -2.4249067e-01
   2.1986520e-01
   4.9795004e-01
   1.2507480e-01
  -3.1754028e-01
   6.4100040e-02
  -1.8697104e-01
  -1.9757578e-01
   3.6044081e-01
   7.1825830e-02
   3.9664757e-01
   5.6211234e-02
  -2.5062833e-01
   3.6978775e-01
  -2.0161688e-01
   3.6183765e-01
   0.0000000e+00
   7.7760614e-02
   3.9958697e-01
   8.2216721e-01
   1.3819243e-01
  -8.9728644e-02
   9.8644814e-03
  -3.1789466e-01
   2.7026513e-01
  -2.3375916e-02
   4.7588819e-01
   3.3877711e-01
   7.8769740e-02
   1.5634056e-01
   4.6223706e-02
   7.0553010e-02
  -1.9975708e-01
   1.9895442e-01
  -4.3380467e-01
  -1.0413754e-01
  -2.2304942e-01
  -1.8517678e-01
  -1.6907849e-01
   4.4636810e-01
   5.2212113e-02
   7.7760614e-02
   0.0000000e+00
   4.0590428e-01
  -8.6205655e-02
  -1.9475699e-01
   3.1518415e-01
   5.8638549e-01
  -2.1986543e-01
   5.2666649e-01
   3.0882791e-01
  -5.1220479e-02
  -5.7247442e-02
   6.9592859e-02
   3.2746276e-01
   1.6376754e-01
  -4.6122110e-01
  -5.5896943e-02
   1.8678413e-01
   3.6903852e-01
  -4.2184565e-01
  -2.2112304e-01
  -3.5461902e-01
   4.6160485e-01
  -6.8123990e-01
   1.9737573e-01
   3.9958697e-01
   4.0590428e-01
   0.0000000e+00
  -2.8409150e-01
  -3.9041627e-01
   3.1817560e-01
  -1.6496379e-01
  -6.6131247e-02
   1.5814441e-01
   4.0502054e-01
   3.6198345e-02
   5.4312942e-01
   8.7060403e-02
   2.5776857e-01
   4.4064556e-01
  -7.0598197e-02
   3.7801410e-01
   5.8079469e-01
   1.5123950e-01
   5.4471759e-02
   1.1079716e-01
   5.7715026e-01
   2.7628528e-01
   4.1197708e-01
  -3.7740263e-01
   8.2216721e-01
  -8.6205655e-02
  -2.8409150e-01
   0.0000000e+00
  -4.8199843e-01
  -1.7540295e-01
   5.2165376e-02
  -1.6241655e-01
  -1.3516780e-01
  -4.3144182e-01
  -4.5483724e-01
  -2.2920516e-01
   2.4454292e-01
   2.5727031e-01
   5.9641674e-03
  -1.0533540e-01
   3.7588290e-02
   4.9342796e-01
  -1.4045609e-01
  -5.2535019e-01
   1.0182846e-01
  -3.1850085e-01
   5.8402838e-01
  -5.7348554e-01
   1.6512328e-01
   1.3819243e-01
  -1.9475699e-01
  -3.9041627e-01
  -4.8199843e-01
   0.0000000e+00
   3.8006599e-01
   1.2037020e-01
  -7.5913883e-01
  -9.0975448e-02
   7.5200520e-02
   6.0249079e-01
  -1.7197073e-01
  -8.2153308e-02
   2.4610458e-01
   3.7307751e-01
  -2.4818379e-01
   8.4869797e-01
   3.4283043e-01
   4.7323797e-01
   1.0750271e-01
   1.0165586e-01
   4.3258147e-01
   3.1929597e-01
   3.2119855e-01
   1.7972135e-01
  -8.9728644e-02
   3.1518415e-01
   3.1817560e-01
  -1.7540295e-01
   3.8006599e-01
   0.0000000e+00
  -1.8494276e-01
  -8.9207712e-02
   1.8031636e-01
  -8.3000566e-02
   2.4142233e-01
   1.9673397e-01
  -1.3008984e-01
   2.0949725e-01
   9.6104099e-02
   3.7265411e-01
   2.0498915e-01
   7.1687613e-01
  -6.1289977e-01
  -1.8244980e-01
  -6.9861662e-03
   2.5215801e-01
   6.8472889e-01
  -2.7089624e-01
   4.1184780e-01
   9.8644814e-03
   5.8638549e-01
  -1.6496379e-01
   5.2165376e-02
   1.2037020e-01
  -1.8494276e-01
   0.0000000e+00
  -3.6647238e-01
  -4.7823988e-01
   1.1638943e-01
   3.2666586e-02
  -1.4927320e-01
  -1.7049872e-01
   2.3482461e-02
  -1.3046894e-01
  -2.5958437e-01
  -3.4351557e-01
   1.9846932e-01
   9.6566846e-02
   9.4639493e-02
   2.3817326e-01
   1.9502853e-01
  -1.1075882e-02
   4.7009413e-01
  -4.3964574e-01
  -3.1789466e-01
  -2.1986543e-01
  -6.6131247e-02
  -1.6241655e-01
  -7.5913883e-01
  -8.9207712e-02
  -3.6647238e-01
   0.0000000e+00
  -3.7938897e-01
  -2.7870539e-01
   1.6789140e-01
   2.0653180e-01
  -2.9861306e-01
  -4.3565118e-01
   3.5203132e-01
   1.5232072e-01
  -5.7389740e-02
   3.6302685e-01
  -3.2129389e-01
  -9.5452591e-02
   5.3082638e-02
  -7.8840646e-02
   3.7326020e-01
   2.0666967e-01
  -1.6289414e-01
   2.7026513e-01
   5.2666649e-01
   1.5814441e-01
  -1.3516780e-01
  -9.0975448e-02
   1.8031636e-01
  -4.7823988e-01
  -3.7938897e-01
   0.0000000e+00
  -4.9365030e-01
   1.9559711e-01
   5.8006879e-01
   1.8025017e-01
  -4.5035330e-02
   7.6550633e-01
  -2.6096861e-01
  -3.7604804e-01
  -4.1013609e-01
   3.9644069e-01
  -7.1674683e-01
   1.3614609e-01
   2.0654069e-01
   3.0078195e-01
   3.1854473e-01
  -2.4249067e-01
  -2.3375916e-02
   3.0882791e-01
   4.0502054e-01
  -4.3144182e-01
   7.5200520e-02
  -8.3000566e-02
   1.1638943e-01
  -2.7870539e-01
  -4.9365030e-01
   0.0000000e+00
  -1.2505869e-01
  -2.5489768e-01
  -1.3543770e-01
   1.9633455e-02
  -8.2533238e-02
  -2.0314567e-02
   5.5670267e-01
   3.7930723e-01
   3.8827073e-01
   2.4190329e-03
   5.2761563e-01
   3.4367076e-01
   7.0704959e-01
   8.0345898e-01
   2.1986520e-01
   4.7588819e-01
  -5.1220479e-02
   3.6198345e-02
  -4.5483724e-01
   6.0249079e-01
   2.4142233e-01
   3.2666586e-02
   1.6789140e-01
   1.9559711e-01
  -1.2505869e-01
   0.0000000e+00
  -7.5397951e-02
  -3.9487713e-01
  -1.2324186e-01
   3.5208620e-01
   1.3622827e-01
   3.5677452e-02
   5.9679115e-02
   2.1360588e-01
  -2.4326119e-01
   9.9702286e-02
  -3.4046990e-01
   3.6297771e-01
  -2.1489540e-01
   4.9795004e-01
   3.3877711e-01
  -5.7247442e-02
   5.4312942e-01
  -2.2920516e-01
  -1.7197073e-01
   1.9673397e-01
  -1.4927320e-01
   2.0653180e-01
   5.8006879e-01
  -2.5489768e-01
  -7.5397951e-02
   0.0000000e+00
   1.2977761e-01
   1.2550215e-01
   4.7818494e-02
  -1.0440226e-02
   4.3953249e-01
   2.3724225e-01
   5.2458431e-01
  -6.6250709e-01
   1.4179299e-01
  -1.7718381e-02
   3.9253956e-01
  -6.3471238e-02
   1.2507480e-01
   7.8769740e-02
   6.9592859e-02
   8.7060403e-02
   2.4454292e-01
  -8.2153308e-02
  -1.3008984e-01
  -1.7049872e-01
  -2.9861306e-01
   1.8025017e-01
  -1.3543770e-01
  -3.9487713e-01
   1.2977761e-01
   0.0000000e+00
   6.0752127e-01
   8.0819296e-01
   7.0123638e-01
   4.6886003e-01
  -2.3837658e-01
   2.5663395e-01
   1.6968552e-01
   3.0714790e-01
  -2.9461922e-01
   2.1028976e-01
   8.7743100e-01
  -3.1754028e-01
   1.5634056e-01
   3.2746276e-01
   2.5776857e-01
   2.5727031e-01
   2.4610458e-01
   2.0949725e-01
   2.3482461e-02
  -4.3565118e-01
  -4.5035330e-02
   1.9633455e-02
  -1.2324186e-01
   1.2550215e-01
   6.0752127e-01
   0.0000000e+00
