   0.0000000e+00
   2.5841481e-01
  -8.4937226e-02
   6.9714282e-02
  -1.2627824e-01
   4.1420143e-02
   7.4939626e-02
  -1.6019205e-01
   1.1906935e-01
  -1.6643321e-01
  -1.0877552e-01
   1.7259112e-01
  -1.9546882e-02
  -3.8117520e-02
   6.8432036e-02
   1.0584337e-03
   1.6575612e-01
  -4.2043717e-02
  -6.0432486e-02
   1.7605469e-01
   2.1653233e-01
  -1.0040331e-01
   1.1945411e-01
  -1.3581544e-02
   1.6750497e-01
   2.5841481e-01
   0.0000000e+00
   2.4247585e-02
   5.5508275e-02
   2.3309211e-02
   8.5278346e-02
   1.6392564e-01
   7.5286142e-02
   1.2813175e-02
   6.5150404e-02
   1.5738550e-01
  -7.1086763e-02
   1.1004959e-01
  -6.3265637e-02
   8.8535090e-02
   4.0179883e-02
  -1.5282282e-01
   2.3547154e-01
  -1.1901317e-01
   1.8290263e-01
  -1.5297587e-01
  -2.5194427e-02
   5.6146278e-02
   1.0887352e-01
   1.6095071e-01
  -8.4937226e-02
   2.4247585e-02
   0.0000000e+00
   1.6899605e-02
  -4.2646987e-02
  -3.0611125e-02
  -9.1932292e-02
   1.7142656e-01
  -7.3431947e-02
   1.9228747e-02
   2.2775656e-01
  -5.1823158e-02
   2.4342467e-05
   2.7408637e-02
   1.7175934e-01
  -5.7877467e-02
   3.2404055e-01
   1.1792177e-01
  -9.0368960e-02
   3.3018092e-02
  -9.4615036e-02
   1.4606226e-01
  -1.3233014e-01
   1.5189652e-01
   2.5171488e-01
   6.9714282e-02
   5.5508275e-02
   1.6899605e-02
   0.0000000e+00
  -1.5555593e-02
   2.9464421e-01
  -8.3226610e-03
   3.4529841e-01
   2.7070629e-01
   2.0289910e-01
   1.1276672e-02
   5.3234877e-02
   1.3333307e-01
   2.2204033e-02
   1.8902316e-01
   1.4076257e-01
   1.7604479e-01
   3.8502669e-01
   1.3346767e-01
  -1.7208599e-02
  -9.5402452e-02
   1.1967816e-01
  -1.0196682e-03
   5.1398678e-03
   3.5864480e-02
  -1.2627824e-01
   2.3309211e-02
  -4.2646987e-02
  -1.5555593e-02
   0.0000000e+00
   5.4420535e-02
  -2.3257830e-02
   4.2106311e-02
   8.1778287e-02
   2.6225395e-01
  -1.6015047e-01
   8.9047821e-02
  -1.5038154e-01
   6.6644427e-02
   2.3448618e-01
  -9.2774928e-03
   9.0003117e-02
  -1.2861060e-01
   4.0879357e-02
  -1.5741809e-01
   1.8060840e-02
   1.9246483e-01
  -7.1704188e-02
   2.5476719e-01
   6.9717391e-03
   4.1420143e-02
   8.5278346e-02
  -3.0611125e-02
   2.9464421e-01
   5.4420535e-02
   0.0000000e+00
   3.6502606e-02
   3.0538472e-01
   7.0121469e-02
  -1.0724157e-01
   2.2076329e-01
   1.2720047e-01
   2.3830335e-02
  -5.8785824e-02
   4.1391689e-02
  -1.2884098e-01
   1.5196284e-01
   7.0329217e-02
   7.4460888e-02
  -3.6537111e-02
  -2.1865860e-01
   7.5026578e-02
   7.2060910e-03
  -2.2520059e-01
   7.7454222e-02
   7.4939626e-02
   1.6392564e-01
  -9.1932292e-02
  -8.3226610e-03
  -2.3257830e-02
   3.6502606e-02
   0.0000000e+00
   1.0000125e-01
  -8.3416901e-02
   7.9442888e-02
   2.9167043e-02
  -1.7902302e-02
   1.3793860e-02
   1.6679516e-01
   4.3170074e-03
  -2.3965488e-02
   2.2128264e-04
   5.9384823e-02
   4.3419934e-02
  -7.4698728e-02
   5.2230800e-02
   1.4612865e-02
   1.9533026e-02
   1.7680671e-02
   3.2677802e-04
  -1.6019205e-01
   7.5286142e-02
   1.7142656e-01
   3.4529841e-01
   4.2106311e-02
   3.0538472e-01
   1.0000125e-01
   0.0000000e+00
   2.0906019e-01
   1.7175852e-01
   1.8832515e-01
   1.5417566e-02
  -1.3491954e-01
  -1.9011210e-01
   1.7919566e-01
   3.4832635e-02
   2.7478561e-01
   7.8814873e-02
   1.3508612e-01
   5.6259874e-02
   4.6059104e-02
   8.9660921e-02
  -1.2622821e-01
   4.8863594e-02
  -4.0103476e-02
   1.1906935e-01
   1.2813175e-02
  -7.3431947e-02
   2.7070629e-01
   8.1778287e-02
   7.0121469e-02
  -8.3416901e-02
   2.0906019e-01
   0.0000000e+00
   1.2535542e-01
   1.4553951e-01
   2.5165838e-01
   6.3881048e-02
   2.0625111e-01
   8.0528436e-02
   5.6264278e-02
   2.5289802e-02
   4.6248300e-01
   2.1625200e-02
   2.6570970e-01
   8.4587734e-02
   1.5176673e-01
   1.0530060e-01
   1.3095318e-01
   1.6385230e-01
  -1.6643321e-01
   6.5150404e-02
   1.9228747e-02
   2.0289910e-01
   2.6225395e-01
  -1.0724157e-01
   7.9442888e-02
   1.7175852e-01
   1.2535542e-01
   0.0000000e+00
   8.0281508e-02
  -1.2617244e-01
   1.3224635e-01
  -3.4654091e-01
   2.2577945e-01
  -3.5761272e-01
   1.1656371e-01
   3.3446601e-02
   1.3008143e-01
   3.0037184e-02
   1.9968735e-01
   2.9819822e-01
  -2.2926703e-01
  -2.7976428e-01
   1.0257627e-01
  -1.0877552e-01
   1.5738550e-01
   2.2775656e-01
   1.1276672e-02
  -1.6015047e-01
   2.2076329e-01
   2.9167043e-02
   1.8832515e-01
   1.4553951e-01
   8.0281508e-02
   0.0000000e+00
   2.3177613e-01
   1.3383643e-01
   6.2107281e-02
  -4.2681140e-02
   1.3665761e-01
   6.2169826e-02
   1.4787436e-01
  -1.3316594e-01
   6.3232928e-02
  -1.2844037e-01
   1.2792201e-01
   1.9799252e-01
   6.9157121e-02
  -2.2803212e-03
   1.7259112e-01
  -7.1086763e-02
  -5.1823158e-02
   5.3234877e-02
   8.9047821e-02
   1.2720047e-01
  -1.7902302e-02
   1.5417566e-02
   2.5165838e-01
  -1.2617244e-01
   2.3177613e-01
   0.0000000e+00
   1.1593185e-01
   3.1410996e-01
   3.2404814e-01
   4.4076963e-02
   7.6152926e-03
   4.7935960e-03
   1.0482906e-02
   1.8619087e-01
  -1.0626120e-01
   2.7439454e-01
   4.6252713e-02
  -2.0340984e-02
   2.2664840e-01
  -1.9546882e-02
   1.1004959e-01
   2.4342467e-05
   1.3333307e-01
  -1.5038154e-01
   2.3830335e-02
   1.3793860e-02
  -1.3491954e-01
   6.3881048e-02
   1.3224635e-01
   1.3383643e-01
   1.1593185e-01
   0.0000000e+00
   1.4365994e-02
   6.1570491e-02
  -1.0880551e-01
   1.9284102e-01
   2.0294136e-01
  -2.7802576e-02
   3.1578633e-01
   8.9383792e-02
   5.0788635e-02
  -1.0197664e-01
   3.7961143e-02
   6.0776223e-02
  -3.8117520e-02
  -6.3265637e-02
   2.7408637e-02
   2.2204033e-02
   6.6644427e-02
  -5.8785824e-02
   1.6679516e-01
  -1.9011210e-01
   2.0625111e-01
  -3.4654091e-01
   6.2107281e-02
   3.1410996e-01
   1.4365994e-02
   0.0000000e+00
  -4.0364678e-02
  -8.3297978e-02
   2.0527724e-01
   1.0520074e-02
  -8.9663741e-02
   9.4725464e-02
  -3.3604199e-02
   1.4808827e-02
   1.5039001e-01
   3.7119318e-02
   2.0891126e-01
   6.8432036e-02
   8.8535090e-02
   1.7175934e-01
   1.8902316e-01
   2.3448618e-01
   4.1391689e-02
   4.3170074e-03
   1.7919566e-01
   8.0528436e-02
   2.2577945e-01
  -4.2681140e-02
   3.2404814e-01
   6.1570491e-02
  -4.0364678e-02
   0.0000000e+00
  -1.5726522e-01
   1.7823533e-01
  -1.9355359e-02
   3.8610215e-02
  -4.8473662e-02
   2.9424230e-02
  -8.8897256e-02
   1.4310772e-02
   6.9539088e-02
   4.5967090e-03
   1.0584337e-03
   4.0179883e-02
  -5.7877467e-02
   1.4076257e-01
  -9.2774928e-03
  -1.2884098e-01
  -2.3965488e-02
   3.4832635e-02
   5.6264278e-02
  -3.5761272e-01
   1.3665761e-01
   4.4076963e-02
  -1.0880551e-01
  -8.3297978e-02
  -1.5726522e-01
   0.0000000e+00
   1.2645505e-01
   1.1663476e-01
  -2.6797615e-01
  -6.1085695e-02
   2.3252425e-02
   1.1280311e-01
  -4.8792149e-02
   6.8540267e-02
   1.0818515e-01
   1.6575612e-01
  -1.5282282e-01
   3.2404055e-01
   1.7604479e-01
   9.0003117e-02
   1.5196284e-01
   2.2128264e-04
   2.7478561e-01
   2.5289802e-02
   1.1656371e-01
   6.2169826e-02
   7.6152926e-03
   1.9284102e-01
   2.0527724e-01
   1.7823533e-01
   1.2645505e-01
   0.0000000e+00
   4.1414452e-02
   4.0210332e-03
   1.6332542e-01
  -7.7241270e-03
   6.7218052e-03
   3.6890627e-02
  -1.3975164e-01
   2.2802259e-01
  -4.2043717e-02
   2.3547154e-01
   1.1792177e-01
   3.8502669e-01
  -1.2861060e-01
   7.0329217e-02
   5.9384823e-02
   7.8814873e-02
   4.6248300e-01
   3.3446601e-02
   1.4787436e-01
   4.7935960e-03
   2.0294136e-01
   1.0520074e-02
  -1.9355359e-02
   1.1663476e-01
   4.1414452e-02
   0.0000000e+00
  -2.0343946e-01
   2.1468091e-03
  -8.4846933e-02
   1.4797410e-01
   8.8960880e-02
   1.2353987e-01
   1.1514092e-01
  -6.0432486e-02
  -1.1901317e-01
  -9.0368960e-02
   1.3346767e-01
   4.0879357e-02
   7.4460888e-02
   4.3419934e-02
   1.3508612e-01
   2.1625200e-02
   1.3008143e-01
  -1.3316594e-01
   1.0482906e-02
  -2.7802576e-02
  -8.9663741e-02
   3.8610215e-02
  -2.6797615e-01
   4.0210332e-03
  -2.0343946e-01
   0.0000000e+00
  -6.3051812e-02
  -4.3064324e-02
   1.2567350e-02
   1.4322313e-01
  -1.0950967e-01
  -5.2889915e-02
   1.7605469e-01
   1.8290263e-01
   3.3018092e-02
  -1.7208599e-02
  -1.5741809e-01
  -3.6537111e-02
  -7.4698728e-02
   5.6259874e-02
   2.6570970e-01
   3.0037184e-02
   6.3232928e-02
   1.8619087e-01
   3.1578633e-01
   9.4725464e-02
  -4.8473662e-02
  -6.1085695e-02
   1.6332542e-01
   2.1468091e-03
  -6.3051812e-02
   0.0000000e+00
  -1.6386134e-01
  -4.1087685e-02
   1.0452269e-01
  -4.8169118e-02
   5.5312752e-02
   2.1653233e-01
  -1.5297587e-01
  -9.4615036e-02
  -9.5402452e-02
   1.8060840e-02
  -2.1865860e-01
   5.2230800e-02
   4.6059104e-02
   8.4587734e-02
   1.9968735e-01
  -1.2844037e-01
  -1.0626120e-01
   8.9383792e-02
  -3.3604199e-02
   2.9424230e-02
   2.3252425e-02
  -7.7241270e-03
  -8.4846933e-02
  -4.3064324e-02
  -1.6386134e-01
   0.0000000e+00
  -2.9853888e-02
  -4.5324992e-02
  -9.4584631e-02
   8.7590592e-02
  -1.0040331e-01
  -2.5194427e-02
   1.4606226e-01
   1.1967816e-01
   1.9246483e-01
   7.5026578e-02
   1.4612865e-02
   8.9660921e-02
   1.5176673e-01
   2.9819822e-01
   1.2792201e-01
   2.7439454e-01
   5.0788635e-02
   1.4808827e-02
  -8.8897256e-02
   1.1280311e-01
   6.7218052e-03
   1.4797410e-01
   1.2567350e-02
  -4.1087685e-02
  -2.9853888e-02
   0.0000000e+00
  -3.7806902e-02
  -1.0175684e-01
  -2.9896432e-02
   1.1945411e-01
   5.6146278e-02
  -1.3233014e-01
  -1.0196682e-03
  -7.1704188e-02
   7.2060910e-03
   1.9533026e-02
  -1.2622821e-01
   1.0530060e-01
  -2.2926703e-01
   1.9799252e-01
   4.6252713e-02
  -1.0197664e-01
   1.5039001e-01
   1.4310772e-02
  -4.8792149e-02
   3.6890627e-02
   8.8960880e-02
   1.4322313e-01
   1.0452269e-01
  -4.5324992e-02
  -3.7806902e-02
   0.0000000e+00
   3.4271025e-02
  -1.8662246e-02
  -1.3581544e-02
   1.0887352e-01
   1.5189652e-01
   5.1398678e-03
   2.5476719e-01
  -2.2520059e-01
   1.7680671e-02
   4.8863594e-02
   1.3095318e-01
  -2.7976428e-01
   6.9157121e-02
  -2.0340984e-02
   3.7961143e-02
   3.7119318e-02
   6.9539088e-02
   6.8540267e-02
  -1.3975164e-01
   1.2353987e-01
  -1.0950967e-01
  -4.8169118e-02
  -9.4584631e-02
  -1.0175684e-01
   3.4271025e-02
   0.0000000e+00
   1.8134443e-01
   1.6750497e-01
   1.6095071e-01
   2.5171488e-01
   3.5864480e-02
   6.9717391e-03
   7.7454222e-02
   3.2677802e-04
  -4.0103476e-02
   1.6385230e-01
   1.0257627e-01
  -2.2803212e-03
   2.2664840e-01
   6.0776223e-02
   2.0891126e-01
   4.5967090e-03
   1.0818515e-01
   2.2802259e-01
   1.1514092e-01
  -5.2889915e-02
   5.5312752e-02
   8.7590592e-02
  -2.9896432e-02
  -1.8662246e-02
   1.8134443e-01
   0.0000000e+00
