   1.0000000e+00
   7.4158519e-01
   1.0849372e+00
   9.3028572e-01
   1.1262782e+00
   9.5857986e-01
   9.2506037e-01
   1.1601920e+00
   8.8093065e-01
   1.1664332e+00
   1.1087755e+00
   8.2740888e-01
   1.0195469e+00
   1.0381175e+00
   9.3156796e-01
   9.9894157e-01
   8.3424388e-01
   1.0420437e+00
   1.0604325e+00
   8.2394531e-01
   7.8346767e-01
   1.1004033e+00
   8.8054589e-01
   1.0135815e+00
   8.3249503e-01
   7.4158519e-01
   1.0000000e+00
   9.7575241e-01
   9.4449172e-01
   9.7669079e-01
   9.1472165e-01
   8.3607436e-01
   9.2471386e-01
   9.8718683e-01
   9.3484960e-01
   8.4261450e-01
   1.0710868e+00
   8.8995041e-01
   1.0632656e+00
   9.1146491e-01
   9.5982012e-01
   1.1528228e+00
   7.6452846e-01
   1.1190132e+00
   8.1709737e-01
   1.1529759e+00
   1.0251944e+00
   9.4385372e-01
   8.9112648e-01
   8.3904929e-01
   1.0849372e+00
   9.7575241e-01
   1.0000000e+00
   9.8310040e-01
   1.0426470e+00
   1.0306111e+00
   1.0919323e+00
   8.2857344e-01
   1.0734319e+00
   9.8077125e-01
   7.7224344e-01
   1.0518232e+00
   9.9997566e-01
   9.7259136e-01
   8.2824066e-01
   1.0578775e+00
   6.7595945e-01
   8.8207823e-01
   1.0903690e+00
   9.6698191e-01
   1.0946150e+00
   8.5393774e-01
   1.1323301e+00
   8.4810348e-01
   7.4828512e-01
   9.3028572e-01
   9.4449172e-01
   9.8310040e-01
   1.0000000e+00
   1.0155556e+00
   7.0535579e-01
   1.0083227e+00
   6.5470159e-01
   7.2929371e-01
   7.9710090e-01
   9.8872333e-01
   9.4676512e-01
   8.6666693e-01
   9.7779597e-01
   8.1097684e-01
   8.5923743e-01
   8.2395521e-01
   6.1497331e-01
   8.6653233e-01
   1.0172086e+00
   1.0954025e+00
   8.8032184e-01
   1.0010197e+00
   9.9486013e-01
   9.6413552e-01
   1.1262782e+00
   9.7669079e-01
   1.0426470e+00
   1.0155556e+00
   1.0000000e+00
   9.4557946e-01
   1.0232578e+00
   9.5789369e-01
   9.1822171e-01
   7.3774605e-01
   1.1601505e+00
   9.1095218e-01
   1.1503815e+00
   9.3335557e-01
   7.6551382e-01
   1.0092775e+00
   9.0999688e-01
   1.1286106e+00
   9.5912064e-01
   1.1574181e+00
   9.8193916e-01
   8.0753517e-01
   1.0717042e+00
   7.4523281e-01
   9.9302826e-01
   9.5857986e-01
   9.1472165e-01
   1.0306111e+00
   7.0535579e-01
   9.4557946e-01
   1.0000000e+00
   9.6349739e-01
   6.9461528e-01
   9.2987853e-01
   1.1072416e+00
   7.7923671e-01
   8.7279953e-01
   9.7616967e-01
   1.0587858e+00
   9.5860831e-01
   1.1288410e+00
   8.4803716e-01
   9.2967078e-01
   9.2553911e-01
   1.0365371e+00
   1.2186586e+00
   9.2497342e-01
   9.9279391e-01
   1.2252006e+00
   9.2254578e-01
   9.2506037e-01
   8.3607436e-01
   1.0919323e+00
   1.0083227e+00
   1.0232578e+00
   9.6349739e-01
   1.0000000e+00
   8.9999875e-01
   1.0834169e+00
   9.2055711e-01
   9.7083296e-01
   1.0179023e+00
   9.8620614e-01
   8.3320484e-01
   9.9568299e-01
   1.0239655e+00
   9.9977872e-01
   9.4061518e-01
   9.5658007e-01
   1.0746987e+00
   9.4776920e-01
   9.8538713e-01
   9.8046697e-01
   9.8231933e-01
   9.9967322e-01
   1.1601920e+00
   9.2471386e-01
   8.2857344e-01
   6.5470159e-01
   9.5789369e-01
   6.9461528e-01
   8.9999875e-01
   1.0000000e+00
   7.9093981e-01
   8.2824148e-01
   8.1167485e-01
   9.8458243e-01
   1.1349195e+00
   1.1901121e+00
   8.2080434e-01
   9.6516737e-01
   7.2521439e-01
   9.2118513e-01
   8.6491388e-01
   9.4374013e-01
   9.5394090e-01
   9.1033908e-01
   1.1262282e+00
   9.5113641e-01
   1.0401035e+00
   8.8093065e-01
   9.8718683e-01
   1.0734319e+00
   7.2929371e-01
   9.1822171e-01
   9.2987853e-01
   1.0834169e+00
   7.9093981e-01
   1.0000000e+00
   8.7464458e-01
   8.5446049e-01
   7.4834162e-01
   9.3611895e-01
   7.9374889e-01
   9.1947156e-01
   9.4373572e-01
   9.7471020e-01
   5.3751700e-01
   9.7837480e-01
   7.3429030e-01
   9.1541227e-01
   8.4823327e-01
   8.9469940e-01
   8.6904682e-01
   8.3614770e-01
   1.1664332e+00
   9.3484960e-01
   9.8077125e-01
   7.9710090e-01
   7.3774605e-01
   1.1072416e+00
   9.2055711e-01
   8.2824148e-01
   8.7464458e-01
   1.0000000e+00
   9.1971849e-01
   1.1261724e+00
   8.6775365e-01
   1.3465409e+00
   7.7422055e-01
   1.3576127e+00
   8.8343629e-01
   9.6655340e-01
   8.6991857e-01
   9.6996282e-01
   8.0031265e-01
   7.0180178e-01
   1.2292670e+00
   1.2797643e+00
   8.9742373e-01
   1.1087755e+00
   8.4261450e-01
   7.7224344e-01
   9.8872333e-01
   1.1601505e+00
   7.7923671e-01
   9.7083296e-01
   8.1167485e-01
   8.5446049e-01
   9.1971849e-01
   1.0000000e+00
   7.6822387e-01
   8.6616357e-01
   9.3789272e-01
   1.0426811e+00
   8.6334239e-01
   9.3783017e-01
   8.5212564e-01
   1.1331659e+00
   9.3676707e-01
   1.1284404e+00
   8.7207799e-01
   8.0200748e-01
   9.3084288e-01
   1.0022803e+00
   8.2740888e-01
   1.0710868e+00
   1.0518232e+00
   9.4676512e-01
   9.1095218e-01
   8.7279953e-01
   1.0179023e+00
   9.8458243e-01
   7.4834162e-01
   1.1261724e+00
   7.6822387e-01
   1.0000000e+00
   8.8406815e-01
   6.8589004e-01
   6.7595186e-01
   9.5592304e-01
   9.9238471e-01
   9.9520640e-01
   9.8951709e-01
   8.1380913e-01
   1.1062612e+00
   7.2560546e-01
   9.5374729e-01
   1.0203410e+00
   7.7335160e-01
   1.0195469e+00
   8.8995041e-01
   9.9997566e-01
   8.6666693e-01
   1.1503815e+00
   9.7616967e-01
   9.8620614e-01
   1.1349195e+00
   9.3611895e-01
   8.6775365e-01
   8.6616357e-01
   8.8406815e-01
   1.0000000e+00
   9.8563401e-01
   9.3842951e-01
   1.1088055e+00
   8.0715898e-01
   7.9705864e-01
   1.0278026e+00
   6.8421367e-01
   9.1061621e-01
   9.4921137e-01
   1.1019766e+00
   9.6203886e-01
   9.3922378e-01
   1.0381175e+00
   1.0632656e+00
   9.7259136e-01
   9.7779597e-01
   9.3335557e-01
   1.0587858e+00
   8.3320484e-01
   1.1901121e+00
   7.9374889e-01
   1.3465409e+00
   9.3789272e-01
   6.8589004e-01
   9.8563401e-01
   1.0000000e+00
   1.0403647e+00
   1.0832980e+00
   7.9472276e-01
   9.8947993e-01
   1.0896637e+00
   9.0527454e-01
   1.0336042e+00
   9.8519117e-01
   8.4960999e-01
   9.6288068e-01
   7.9108874e-01
   9.3156796e-01
   9.1146491e-01
   8.2824066e-01
   8.1097684e-01
   7.6551382e-01
   9.5860831e-01
   9.9568299e-01
   8.2080434e-01
   9.1947156e-01
   7.7422055e-01
   1.0426811e+00
   6.7595186e-01
   9.3842951e-01
   1.0403647e+00
   1.0000000e+00
   1.1572652e+00
   8.2176467e-01
   1.0193554e+00
   9.6138978e-01
   1.0484737e+00
   9.7057577e-01
   1.0888973e+00
   9.8568923e-01
   9.3046091e-01
   9.9540329e-01
   9.9894157e-01
   9.5982012e-01
   1.0578775e+00
   8.5923743e-01
   1.0092775e+00
   1.1288410e+00
   1.0239655e+00
   9.6516737e-01
   9.4373572e-01
   1.3576127e+00
   8.6334239e-01
   9.5592304e-01
   1.1088055e+00
   1.0832980e+00
   1.1572652e+00
   1.0000000e+00
   8.7354495e-01
   8.8336524e-01
   1.2679761e+00
   1.0610857e+00
   9.7674757e-01
   8.8719689e-01
   1.0487921e+00
   9.3145973e-01
   8.9181485e-01
   8.3424388e-01
   1.1528228e+00
   6.7595945e-01
   8.2395521e-01
   9.0999688e-01
   8.4803716e-01
   9.9977872e-01
   7.2521439e-01
   9.7471020e-01
   8.8343629e-01
   9.3783017e-01
   9.9238471e-01
   8.0715898e-01
   7.9472276e-01
   8.2176467e-01
   8.7354495e-01
   1.0000000e+00
   9.5858555e-01
   9.9597897e-01
   8.3667458e-01
   1.0077241e+00
   9.9327819e-01
   9.6310937e-01
   1.1397516e+00
   7.7197741e-01
   1.0420437e+00
   7.6452846e-01
   8.8207823e-01
   6.1497331e-01
   1.1286106e+00
   9.2967078e-01
   9.4061518e-01
   9.2118513e-01
   5.3751700e-01
   9.6655340e-01
   8.5212564e-01
   9.9520640e-01
   7.9705864e-01
   9.8947993e-01
   1.0193554e+00
   8.8336524e-01
   9.5858555e-01
   1.0000000e+00
   1.2034395e+00
   9.9785319e-01
   1.0848469e+00
   8.5202590e-01
   9.1103912e-01
   8.7646013e-01
   8.8485908e-01
   1.0604325e+00
   1.1190132e+00
   1.0903690e+00
   8.6653233e-01
   9.5912064e-01
   9.2553911e-01
   9.5658007e-01
   8.6491388e-01
   9.7837480e-01
   8.6991857e-01
   1.1331659e+00
   9.8951709e-01
   1.0278026e+00
   1.0896637e+00
   9.6138978e-01
   1.2679761e+00
   9.9597897e-01
   1.2034395e+00
   1.0000000e+00
   1.0630518e+00
   1.0430643e+00
   9.8743265e-01
   8.5677687e-01
   1.1095097e+00
   1.0528899e+00
   8.2394531e-01
   8.1709737e-01
   9.6698191e-01
   1.0172086e+00
   1.1574181e+00
   1.0365371e+00
   1.0746987e+00
   9.4374013e-01
   7.3429030e-01
   9.6996282e-01
   9.3676707e-01
   8.1380913e-01
   6.8421367e-01
   9.0527454e-01
   1.0484737e+00
   1.0610857e+00
   8.3667458e-01
   9.9785319e-01
   1.0630518e+00
   1.0000000e+00
   1.1638613e+00
   1.0410877e+00
   8.9547731e-01
   1.0481691e+00
   9.4468725e-01
   7.8346767e-01
   1.1529759e+00
   1.0946150e+00
   1.0954025e+00
   9.8193916e-01
   1.2186586e+00
   9.4776920e-01
   9.5394090e-01
   9.1541227e-01
   8.0031265e-01
   1.1284404e+00
   1.1062612e+00
   9.1061621e-01
   1.0336042e+00
   9.7057577e-01
   9.7674757e-01
   1.0077241e+00
   1.0848469e+00
   1.0430643e+00
   1.1638613e+00
   1.0000000e+00
   1.0298539e+00
   1.0453250e+00
   1.0945846e+00
   9.1240941e-01
   1.1004033e+00
   1.0251944e+00
   8.5393774e-01
   8.8032184e-01
   8.0753517e-01
   9.2497342e-01
   9.8538713e-01
   9.1033908e-01
   8.4823327e-01
   7.0180178e-01
   8.7207799e-01
   7.2560546e-01
   9.4921137e-01
   9.8519117e-01
   1.0888973e+00
   8.8719689e-01
   9.9327819e-01
   8.5202590e-01
   9.8743265e-01
   1.0410877e+00
   1.0298539e+00
   1.0000000e+00
   1.0378069e+00
   1.1017568e+00
   1.0298964e+00
   8.8054589e-01
   9.4385372e-01
   1.1323301e+00
   1.0010197e+00
   1.0717042e+00
   9.9279391e-01
   9.8046697e-01
   1.1262282e+00
   8.9469940e-01
   1.2292670e+00
   8.0200748e-01
   9.5374729e-01
   1.1019766e+00
   8.4960999e-01
   9.8568923e-01
   1.0487921e+00
   9.6310937e-01
   9.1103912e-01
   8.5677687e-01
   8.9547731e-01
   1.0453250e+00
   1.0378069e+00
   1.0000000e+00
   9.6572898e-01
   1.0186622e+00
   1.0135815e+00
   8.9112648e-01
   8.4810348e-01
   9.9486013e-01
   7.4523281e-01
   1.2252006e+00
   9.8231933e-01
   9.5113641e-01
   8.6904682e-01
   1.2797643e+00
   9.3084288e-01
   1.0203410e+00
   9.6203886e-01
   9.6288068e-01
   9.3046091e-01
   9.3145973e-01
   1.1397516e+00
   8.7646013e-01
   1.1095097e+00
   1.0481691e+00
   1.0945846e+00
   1.1017568e+00
   9.6572898e-01
   1.0000000e+00
   8.1865557e-01
   8.3249503e-01
   8.3904929e-01
   7.4828512e-01
   9.6413552e-01
   9.9302826e-01
   9.2254578e-01
   9.9967322e-01
   1.0401035e+00
   8.3614770e-01
   8.9742373e-01
   1.0022803e+00
   7.7335160e-01
   9.3922378e-01
   7.9108874e-01
   9.9540329e-01
   8.9181485e-01
   7.7197741e-01
   8.8485908e-01
   1.0528899e+00
   9.4468725e-01
   9.1240941e-01
   1.0298964e+00
   1.0186622e+00
   8.1865557e-01
   1.0000000e+00
