   6.0335077e-01   1.1283828e-01  -5.2636765e-02  -2.1436821e-01   1.6367230e-01   3.1308680e-01  -2.1546483e-01  -6.3206844e-02  -4.4558537e-02   9.9787372e-02  -1.5580534e-01  -6.3196572e-02   1.1870250e-02  -3.3196576e-01   1.9436695e-01   2.7101114e-01   2.3857111e-01   1.5791881e-01  -1.4718560e-01  -2.7680576e-01   1.8759491e-01   2.7448111e-01  -3.6115319e-01  -3.8006820e-01   3.3394405e-01
   2.8313007e-02   8.7036293e-01  -2.6290303e-01  -2.4734287e-01  -8.3436040e-03   4.9884481e-01  -4.6468006e-01  -2.2663635e-01  -1.7019195e-01   8.7516694e-02  -3.7411206e-01  -2.3640885e-01  -3.2089930e-01  -5.1327453e-02   3.3136696e-01   4.0301853e-01  -4.5925609e-02  -2.4782407e-01   1.5838753e-01  -1.6493444e-01  -1.3382129e-01   2.3776973e-01  -8.8975232e-02  -1.4078440e-01  -3.5440988e-02
  -8.1915433e-02  -2.7709086e-01   8.6413716e-01   5.4179179e-01  -3.5911034e-01  -5.8826754e-01   4.7224898e-01   2.3331688e-01   4.7250245e-01  -2.8416341e-01   2.8933904e-01   3.9403209e-01  -5.3565521e-02   4.2059232e-01  -2.6476189e-01  -6.1326363e-01  -2.0379250e-01  -1.8430177e-01   2.2814555e-01   5.7273532e-01  -2.7987785e-01  -5.8127857e-01   4.5494950e-01   4.8129401e-01  -2.3827134e-01
  -2.1855985e-01  -2.7005959e-01   5.4782442e-01   8.2211289e-01  -3.3474614e-01  -5.0852423e-01   4.5256684e-01   2.2536816e-01   4.5322933e-01  -2.4444845e-01   2.4583012e-01   4.3668194e-01  -2.4410507e-02   4.4345182e-01  -2.6680981e-01  -5.1014991e-01  -2.6488920e-01  -1.3057880e-01   2.7600831e-01   5.0403432e-01  -3.0915903e-01  -5.1295535e-01   4.2715902e-01   4.8482596e-01  -3.2009483e-01
   2.2021776e-01  -7.7535460e-03  -3.7477630e-01  -4.0303098e-01   8.0137690e-01   2.3082810e-01  -1.3748389e-01   2.0003178e-01  -2.7049901e-01   3.6599935e-01   3.5247208e-02  -1.6871277e-01   4.3370467e-01  -5.3286160e-01   1.5951643e-01   2.9850154e-01   3.5406240e-01   3.3039850e-01  -4.1751963e-01  -4.1017766e-01   4.7128697e-01   3.7861146e-01  -5.1123097e-01  -5.0107867e-01   3.1904171e-01
   2.8099151e-01   5.1658772e-01  -6.0425135e-01  -5.2047366e-01   2.0343172e-01   8.8522070e-01  -5.8806801e-01  -2.3803003e-01  -3.3513570e-01   1.4965589e-01  -4.6335441e-01  -4.4827623e-01  -1.6014716e-01  -3.6523835e-01   3.7520988e-01   6.0397036e-01   1.9338725e-01   2.9465130e-02  -8.2135198e-02  -5.3506240e-01   1.2065686e-01   5.6056543e-01  -4.1547142e-01  -5.3602225e-01   3.1747539e-01
  -2.1373358e-01  -4.7246597e-01   4.8726434e-01   4.7725210e-01  -1.3583083e-01  -6.0303204e-01   8.7152036e-01   1.7800372e-01   3.2305202e-01  -1.2121107e-01   4.0212256e-01   3.7721471e-01   1.7012309e-01   2.7372189e-01  -4.3358306e-01  -5.8826022e-01  -2.4662041e-01   6.0365252e-02   3.7288438e-02   4.3114462e-01  -7.0856457e-02  -4.8945533e-01   3.2910450e-01   4.1498669e-01  -2.6499038e-01
  -1.1188499e-01  -2.2653313e-01   2.6292120e-01   2.1611467e-01   1.9385760e-01  -2.0892898e-01   1.4711235e-01   7.0016750e-01   1.5650444e-01   8.3744757e-02   5.3213602e-02   3.0193860e-01   1.1190861e-01   3.9622156e-02  -2.4366751e-01  -3.2566949e-01   1.2473905e-01  -1.0588838e-01  -1.5431283e-01   2.1362010e-01   8.3856957e-03  -1.5755676e-01   2.6053672e-02   3.1941867e-02  -1.8717607e-02
  -6.3252603e-02  -8.2426787e-02   3.6651379e-01   3.9602890e-01  -2.5391396e-01  -2.8503835e-01   2.5593856e-01   5.7065061e-02   5.9296286e-01  -2.2592770e-01   1.5223084e-01   2.8461380e-01  -1.0980802e-01   2.2802724e-01   7.8253876e-03  -2.6995187e-01  -1.5622449e-01  -4.0818260e-02   2.0313964e-01   3.6518878e-01  -3.1211598e-01  -3.1597082e-01   2.4801121e-01   2.5260703e-01  -1.7846478e-01
   9.6772650e-02   7.4259751e-02  -3.1752668e-01  -3.0010949e-01   3.2294562e-01   2.4669770e-01  -1.5903063e-01   3.8884068e-02  -2.1709907e-01   7.4749239e-01   2.2361444e-02  -2.3650996e-01   2.3019302e-01  -3.7211804e-01   1.7343387e-01   2.0118983e-01   2.3177019e-01   1.3091020e-01  -3.4429988e-01  -3.0163254e-01   2.8996970e-01   4.1529109e-01  -3.6961147e-01  -3.6834035e-01   1.4208992e-01
  -1.5237093e-01  -4.1697431e-01   3.7094754e-01   2.9307628e-01   1.3541215e-02  -5.1275679e-01   4.0622516e-01   1.0562238e-01   2.2425111e-01   2.0450608e-02   7.1283521e-01   2.2645534e-01   3.0049459e-01   1.4071872e-01  -3.2241981e-01  -4.4194421e-01  -1.9141296e-01  -8.3773300e-03   1.5234949e-02   3.3133539e-01  -9.1903280e-02  -2.8225906e-01   2.4698438e-01   2.6679946e-01  -2.2401375e-01
  -1.7486440e-01  -2.4178584e-01   4.0887670e-01   4.8499228e-01  -2.2884379e-01  -4.7455647e-01   3.9924505e-01   2.9493952e-01   4.2191719e-01  -2.2987099e-01   1.9868733e-01   7.6227535e-01  -4.4971329e-02   2.2422044e-01  -2.4425670e-01  -4.9193776e-01  -4.1271413e-02  -1.3010473e-01   1.2373901e-01   4.7652206e-01  -1.3798863e-01  -4.0061330e-01   2.7424775e-01   2.6512945e-01  -1.8637770e-01
   2.2188985e-02  -3.0730314e-01  -1.1810673e-01  -1.0616420e-01   4.4587838e-01  -1.0316715e-01   1.2497573e-01   1.6052403e-01  -1.5738097e-01   2.4952214e-01   2.7933543e-01  -7.8943840e-02   7.7772152e-01  -2.5046416e-01  -1.1342995e-01  -8.1974644e-02   1.4529735e-01   3.4843739e-01  -3.5824146e-01  -1.8825188e-01   3.4354186e-01   2.5475892e-01  -2.3114054e-01  -2.2009960e-01   1.7294570e-01
  -3.9621449e-01  -1.5949787e-01   5.0419463e-01   4.8206912e-01  -4.8391252e-01  -4.5663505e-01   3.0454232e-01   8.0413118e-02   2.2564621e-01  -3.1917535e-01   1.6973115e-01   2.3134170e-01  -1.7772409e-01   7.9348874e-01  -2.7452375e-01  -4.1211896e-01  -4.8330359e-01  -3.0873810e-01   4.0636487e-01   5.5023655e-01  -4.8580122e-01  -6.1096764e-01   5.7519094e-01   5.8917239e-01  -4.5870457e-01
   1.8169726e-01   3.7926056e-01  -3.4333870e-01  -2.9075040e-01   8.9064985e-02   4.0453347e-01  -4.5024277e-01  -2.9042764e-01  -1.4122331e-01   1.1922915e-01  -2.9996634e-01  -3.1129765e-01  -9.3274950e-02  -1.6751980e-01   6.4992265e-01   5.1097670e-01   1.1523459e-01   4.1069385e-02  -8.0290374e-02  -3.8089268e-01   1.1226617e-01   2.7569251e-01  -2.4121521e-01  -2.7920298e-01   2.0915003e-01
   2.9307845e-01   4.2704127e-01  -6.0028752e-01  -5.0792117e-01   2.7264867e-01   5.9723203e-01  -5.7109753e-01  -3.2146624e-01  -3.7192107e-01   1.2269051e-01  -4.2069650e-01  -4.2911291e-01  -1.3994537e-01  -3.5075368e-01   4.5736906e-01   8.3819076e-01   1.8748241e-01   3.5800208e-02  -9.4643937e-02  -5.2567280e-01   1.2712394e-01   4.7133646e-01  -4.1358361e-01  -4.7180095e-01   2.4368824e-01
   2.2370945e-01  -3.7212727e-02  -2.3256921e-01  -3.0483523e-01   3.5495268e-01   1.5747912e-01  -2.0552785e-01   1.4430124e-01  -1.2045689e-01   2.0754301e-01  -1.8954054e-01   9.5602940e-03   1.9104420e-01  -5.0084433e-01   7.6658489e-02   1.3411745e-01   7.7934496e-01   2.2570936e-01  -4.5413808e-01  -3.2201753e-01   3.8075569e-01   4.1110234e-01  -4.3392531e-01  -4.6321901e-01   4.4729895e-01
   2.6134729e-01  -2.0209387e-01  -2.2851562e-01  -1.3604532e-01   3.1147275e-01   4.8069113e-02   7.4959099e-02  -1.3068578e-01  -5.8044084e-02   1.1636934e-01   1.9967295e-02  -1.1624310e-01   3.6199835e-01  -3.5996351e-01   6.2753288e-02   6.4094833e-02   2.0913272e-01   6.5753714e-01  -3.4028966e-01  -2.9666332e-01   3.8272902e-01   2.0583013e-01  -2.8685348e-01  -2.7856934e-01   2.2561913e-01
  -1.5925182e-01   1.7967829e-01   2.1062137e-01   2.5211241e-01  -4.0507909e-01  -3.4308850e-02  -2.2760172e-02  -1.4797590e-01   1.5034523e-01  -3.1682098e-01  -6.7331120e-03   6.1970235e-02  -3.6448141e-01   4.1989905e-01  -4.5043944e-02  -5.9416608e-02  -3.8628120e-01  -3.4356678e-01   7.5650241e-01   2.6184393e-01  -4.8179794e-01  -3.1473274e-01   3.8084347e-01   3.9974537e-01  -2.6787716e-01
  -2.6676407e-01  -1.0623950e-01   6.0136058e-01   5.2227027e-01  -4.2317037e-01  -4.6914052e-01   3.4880695e-01   1.3785756e-01   3.8022351e-01  -3.1002860e-01   2.2096536e-01   4.2688498e-01  -2.5632767e-01   5.2523057e-01  -2.8854848e-01  -4.8367812e-01  -3.6235561e-01  -3.2137760e-01   3.8159895e-01   7.7514503e-01  -4.1300623e-01  -6.1241381e-01   5.1309295e-01   5.1163977e-01  -4.0787994e-01
   2.3174011e-01  -9.0541588e-02  -3.6945896e-01  -3.8659788e-01   4.4921066e-01   1.7142140e-01  -8.8323436e-02  -1.3900243e-02  -2.6350823e-01   3.0200010e-01  -8.5547085e-02  -1.0274259e-01   3.8588019e-01  -5.8837615e-01   1.5512460e-01   1.7516072e-01   4.1993871e-01   3.9785382e-01  -5.6806951e-01  -4.2383264e-01   7.4887918e-01   4.6718946e-01  -4.8227997e-01  -5.2100033e-01   4.2299527e-01
   2.5089812e-01   2.1888568e-01  -5.9103836e-01  -5.5558515e-01   3.6652527e-01   5.2551330e-01  -4.3611568e-01  -1.3928315e-01  -3.9971484e-01   3.7622870e-01  -2.1756436e-01  -3.5455149e-01   2.1987954e-01  -5.8914110e-01   2.6187353e-01   4.5000922e-01   4.2182502e-01   2.0299415e-01  -3.5602645e-01  -6.0127470e-01   4.4634057e-01   8.2464162e-01  -6.0242392e-01  -6.0802559e-01   3.7607178e-01
  -3.3021198e-01  -9.3979126e-02   5.1697878e-01   4.8859219e-01  -5.4218248e-01  -4.3458805e-01   3.0013172e-01  -3.2999108e-03   3.2211127e-01  -3.7251311e-01   1.9672772e-01   2.6861845e-01  -2.9699405e-01   6.4435054e-01  -2.5003544e-01  -4.1072358e-01  -4.8429263e-01  -3.2265353e-01   4.7415597e-01   5.5920285e-01  -5.0137948e-01  -6.2236241e-01   8.1054326e-01   6.1369592e-01  -4.2550643e-01
  -3.3678444e-01  -2.2297768e-01   5.7592286e-01   5.5917838e-01  -4.8066706e-01  -5.9167421e-01   4.3070081e-01   5.1988866e-02   3.0700715e-01  -3.6128268e-01   2.5604358e-01   3.2036982e-01  -1.8263322e-01   5.7940842e-01  -3.3228969e-01  -5.2454420e-01  -4.6000211e-01  -2.5728922e-01   4.3909113e-01   5.5975505e-01  -4.2075958e-01  -6.4720754e-01   5.9033597e-01   8.5115827e-01  -4.5430695e-01
   3.2064463e-01  -4.2585772e-02  -3.0642724e-01  -3.7203242e-01   3.3609235e-01   2.9859269e-01  -1.9796700e-01  -2.6277728e-02  -1.2672966e-01   1.0020110e-01  -1.9314624e-01  -1.9580423e-01   1.9018385e-01  -4.6850105e-01   1.4490265e-01   2.3829488e-01   4.6659892e-01   3.0318007e-01  -3.4876745e-01  -4.3635642e-01   4.3513463e-01   4.2133507e-01  -3.9569227e-01  -4.5441153e-01   6.3874411e-01
