   6.5052096e-01  -4.3199364e-02  -6.0521953e-02  -1.8138291e-01   2.2220364e-01   2.4296402e-01  -8.6964991e-02  -1.0481818e-01  -7.5056642e-02   8.4670914e-02  -6.4386866e-02  -6.0011410e-02   4.6786472e-02  -3.3660803e-01   2.0646198e-01   2.4148692e-01   1.7368459e-01   2.6963445e-01  -1.5523081e-01  -2.9108514e-01   2.6184840e-01   2.4204309e-01  -3.0720657e-01  -2.8746279e-01   3.1574741e-01
  -4.1715208e-02   8.8175882e-01  -2.5429037e-01  -2.8796740e-01   6.6573327e-02   4.4747648e-01  -4.6879437e-01  -1.0301039e-01  -1.2891393e-01   5.1458519e-02  -4.3999688e-01  -1.6549587e-01  -3.6942728e-01  -1.1807515e-03   2.4635217e-01   3.5299424e-01  -2.9149486e-02  -2.8965249e-01   1.5054498e-01  -6.8668311e-02  -1.5412176e-01   2.1916301e-01  -4.5266555e-03  -1.6783277e-01  -4.5775545e-02
  -1.7516116e-01  -2.6036235e-01   8.9262141e-01   5.4826356e-01  -4.3808497e-01  -6.2260983e-01   4.9934789e-01   2.4957929e-01   4.4019597e-01  -3.4419621e-01   2.8643937e-01   3.1271840e-01  -1.2022901e-01   4.5824341e-01  -3.6136344e-01  -6.1964274e-01  -2.1406385e-01  -2.1362833e-01   2.8802881e-01   5.5014298e-01  -3.2245734e-01  -6.1605840e-01   4.7266302e-01   5.5589402e-01  -4.1234619e-01
  -2.4295009e-01  -3.3591777e-01   5.7679736e-01   8.7953425e-01  -4.1571601e-01  -5.8533256e-01   5.4500565e-01   2.0363143e-01   4.6448097e-01  -2.9305570e-01   3.4227001e-01   3.9826926e-01  -3.2844215e-02   4.3859526e-01  -3.6843052e-01  -5.6989975e-01  -2.9209530e-01  -8.2658067e-02   2.9490126e-01   4.9588521e-01  -3.2895366e-01  -5.9509533e-01   4.5976697e-01   5.5407979e-01  -4.6599567e-01
   2.6541939e-01   3.8822271e-02  -4.4371728e-01  -3.9653761e-01   8.5080187e-01   3.2735362e-01  -2.1750097e-01   1.3991844e-01  -3.2052943e-01   4.1608707e-01   1.1336146e-02  -1.7492604e-01   4.8523750e-01  -5.4943269e-01   1.8271392e-01   3.8594920e-01   3.6901396e-01   2.9061908e-01  -4.8219659e-01  -4.8186444e-01   4.9855987e-01   4.4600991e-01  -5.9219133e-01  -5.7025835e-01   4.1938062e-01
   2.8154426e-01   4.4540506e-01  -6.1862509e-01  -5.5148921e-01   3.2822741e-01   9.1478753e-01  -5.8292896e-01  -2.1190398e-01  -3.7522230e-01   2.5814547e-01  -4.3497421e-01  -4.2103691e-01  -5.8833202e-02  -3.8846033e-01   4.0224424e-01   6.2529201e-01   1.6914744e-01   8.0699112e-02  -1.6699028e-01  -5.0985182e-01   1.7439424e-01   5.6518129e-01  -4.0332722e-01  -5.3530611e-01   4.3302531e-01
  -1.3345542e-01  -4.6572262e-01   5.1033030e-01   5.3696159e-01  -2.5708782e-01  -5.8666581e-01   8.9963607e-01   1.0226907e-01   3.6822683e-01  -2.0171599e-01   4.2089146e-01   3.3599590e-01   1.2415956e-01   2.3639934e-01  -3.6837481e-01  -5.5103184e-01  -1.9887910e-01   8.7177385e-02   9.6686856e-02   3.4516119e-01  -8.4825689e-02  -5.0084060e-01   2.6261571e-01   4.3340248e-01  -3.1151051e-01
  -1.1674027e-01  -1.1034736e-01   2.4701222e-01   1.7616189e-01   9.5946621e-02  -1.9270598e-01   1.0005441e-01   8.0713830e-01   8.7330832e-02  -1.9734821e-02  -3.0358557e-02   3.0858640e-01   3.7063464e-02   8.2473151e-02  -3.1166522e-01  -3.0537828e-01   1.3134538e-01  -2.0766004e-01  -4.4637862e-02   2.0389664e-01  -3.6774271e-02  -1.7239661e-01   5.6749339e-02   3.8665572e-02  -1.4069414e-01
  -8.5536472e-02  -2.0932271e-01   3.9015491e-01   4.4401637e-01  -3.2807226e-01  -3.6346397e-01   3.6504958e-01  -1.9536805e-02   7.3582662e-01  -3.0840273e-01   2.8250512e-01   2.5357609e-01  -1.0507995e-01   2.4668855e-01  -1.5199237e-01  -3.1622468e-01  -3.0704987e-01   3.2261038e-02   2.7174113e-01   3.6421226e-01  -3.5583951e-01  -3.8198006e-01   3.2333573e-01   3.5344443e-01  -2.8296233e-01
   1.9225304e-01   8.2079811e-02  -3.8550760e-01  -3.6206120e-01   4.1777233e-01   3.0281921e-01  -2.1167907e-01  -2.4597464e-02  -2.9176787e-01   8.1717521e-01  -3.6882878e-02  -2.3716789e-01   2.9386051e-01  -4.2596742e-01   2.0961097e-01   2.9077603e-01   2.3540040e-01   1.8406973e-01  -4.3393817e-01  -3.7991505e-01   3.6748756e-01   4.9201288e-01  -4.4783615e-01  -4.8253625e-01   2.6797451e-01
  -3.5651556e-02  -4.6877441e-01   3.3350948e-01   3.1325494e-01  -3.4044333e-02  -4.6164222e-01   4.4854497e-01  -5.0242580e-03   2.8628782e-01   1.1149728e-02   8.3862455e-01   1.5547079e-01   3.3612632e-01   5.6487010e-02  -3.1011840e-01  -3.7380756e-01  -2.1498902e-01   1.1268405e-01  -1.5040002e-02   2.2861089e-01  -8.8237549e-02  -2.3295887e-01   1.5130523e-01   2.1010218e-01  -2.1131303e-01
  -9.8998314e-02  -2.5979747e-01   2.9625041e-01   3.6209601e-01  -1.6375092e-01  -3.8765985e-01   3.2219839e-01   2.3745845e-01   3.2022681e-01  -2.2738012e-01   1.0261882e-01   7.6029198e-01  -3.8219117e-02   1.3324164e-01  -2.6740957e-01  -3.6888452e-01   4.6093428e-02  -4.2796334e-02   4.6068280e-02   3.2016218e-01  -1.3728376e-02  -2.9215701e-01   1.2696386e-01   1.9295952e-01  -2.0273024e-01
   1.6149593e-01  -3.8485893e-01  -8.7470107e-02  -4.2219993e-02   4.0543004e-01  -9.6427206e-02   2.0398180e-01   5.5387418e-02  -6.8851010e-02   2.4849351e-01   3.1845002e-01  -3.9376758e-02   8.3595827e-01  -3.3321329e-01   1.4891038e-02  -5.9401690e-02   1.9719661e-01   3.4951440e-01  -3.8360815e-01  -3.0205915e-01   4.2305897e-01   2.4416378e-01  -3.4002666e-01  -2.3512300e-01   2.8194886e-01
  -3.9253770e-01  -1.9952481e-02   4.8047586e-01   4.8391989e-01  -5.8752082e-01  -4.3171206e-01   2.5251276e-01   6.7633565e-02   2.8374481e-01  -3.8944424e-01   8.0823148e-02   1.7993750e-01  -3.5525832e-01   8.6665487e-01  -3.0991566e-01  -4.0476538e-01  -4.5091792e-01  -3.6621624e-01   5.1380033e-01   5.6273799e-01  -5.8904367e-01  -6.2047110e-01   6.6026051e-01   6.0433138e-01  -5.5667984e-01
   2.0977652e-01   3.1061856e-01  -3.4823710e-01  -3.2278758e-01   1.7043707e-01   4.1128026e-01  -4.1611757e-01  -3.0518800e-01  -1.3617658e-01   1.3189699e-01  -3.5432962e-01  -2.7974233e-01  -4.9547602e-02  -2.4002781e-01   7.6107773e-01   5.0298376e-01   1.1318609e-01   1.4543587e-01  -9.4483536e-02  -3.5806538e-01   1.4243254e-01   2.9067552e-01  -2.2774416e-01  -3.3270420e-01   2.7434181e-01
   3.3921790e-01   3.2956897e-01  -6.4869629e-01  -5.5246926e-01   4.3447185e-01   6.1419393e-01  -5.5402964e-01  -2.9926931e-01  -3.6931204e-01   2.5635891e-01  -3.4484275e-01  -4.2341566e-01  -6.1419866e-03  -3.8997126e-01   4.7015946e-01   8.5745388e-01   2.0197616e-01   1.2994036e-01  -2.3111931e-01  -5.3410300e-01   2.1835759e-01   5.1628615e-01  -4.2794010e-01  -5.2594035e-01   3.9869923e-01
   1.7937365e-01  -9.7731045e-03  -2.3612596e-01  -2.8342490e-01   3.9932283e-01   1.9902992e-01  -2.2159229e-01   1.8759955e-01  -2.5315196e-01   2.6069551e-01  -2.2943283e-01   3.7577110e-02   2.2364941e-01  -4.6665781e-01   1.3110812e-01   1.9537429e-01   8.1725908e-01   1.5801908e-01  -4.6628409e-01  -3.6769358e-01   4.5997877e-01   3.9199695e-01  -4.8502156e-01  -4.6476539e-01   4.4821305e-01
   2.9219201e-01  -3.1991968e-01  -1.6596860e-01  -6.4193459e-02   3.0342280e-01   3.5642365e-02   1.2134541e-01  -2.1529255e-01  -6.0211251e-02   1.5656473e-01   1.4156911e-01  -9.8894859e-02   4.1709935e-01  -3.5738915e-01   1.4409879e-01   4.2560820e-02   1.5183675e-01   6.7857287e-01  -3.4677717e-01  -2.8840115e-01   3.7232161e-01   1.8648892e-01  -3.7205303e-01  -2.4563749e-01   3.3505440e-01
  -2.5378453e-01   1.6504167e-01   2.8405395e-01   2.9365079e-01  -4.5883922e-01  -1.4316701e-01   6.4480401e-02  -1.0687119e-01   2.6991510e-01  -3.9854499e-01   2.9259504e-03   6.4807110e-02  -4.1930184e-01   4.9008572e-01  -1.2724883e-01  -1.5982811e-01  -4.5858281e-01  -3.1565211e-01   8.4072273e-01   3.9040563e-01  -5.8936017e-01  -3.9920430e-01   5.4164883e-01   5.0751324e-01  -4.3482326e-01
  -3.4049514e-01  -6.2810755e-02   6.0511110e-01   5.3273145e-01  -5.0845712e-01  -5.2300036e-01   3.4629444e-01   2.0545218e-01   4.0465643e-01  -3.3134217e-01   1.9342064e-01   4.0385185e-01  -3.1203727e-01   5.4623935e-01  -3.6618039e-01  -5.3884003e-01  -3.6747568e-01  -3.8541608e-01   4.3754597e-01   8.3073852e-01  -4.7119935e-01  -6.6558688e-01   5.8917330e-01   5.5904179e-01  -5.5000059e-01
   2.8561038e-01  -1.8835745e-01  -3.0401743e-01  -3.1551142e-01   4.7376847e-01   1.5044247e-01  -2.3832198e-02  -4.2939502e-02  -3.1937087e-01   3.1170269e-01  -7.0452139e-02  -3.2211257e-02   4.3031835e-01  -5.3480457e-01   1.9547200e-01   1.7795060e-01   4.3526003e-01   4.4845277e-01  -5.7269752e-01  -4.3366130e-01   8.0142886e-01   4.2211409e-01  -5.4027133e-01  -4.3716936e-01   4.9601979e-01
   3.4189065e-01   2.6270429e-01  -6.3263968e-01  -5.8060159e-01   4.4479001e-01   6.0369953e-01  -5.2901355e-01  -1.7038147e-01  -4.1286281e-01   4.2640968e-01  -2.6342822e-01  -3.1408809e-01   2.3178538e-01  -5.6792346e-01   3.3883842e-01   5.1518166e-01   3.8827453e-01   1.9451218e-01  -3.9776731e-01  -6.0235241e-01   4.1432096e-01   8.6461867e-01  -6.0842429e-01  -6.5153403e-01   5.0071028e-01
  -3.9363168e-01  -1.0345474e-02   5.0602730e-01   4.8755644e-01  -6.2253300e-01  -4.6162123e-01   2.8416465e-01   4.1515907e-02   3.5323817e-01  -4.3573017e-01   1.5132106e-01   2.0607649e-01  -3.8680476e-01   6.4474843e-01  -3.1543762e-01  -4.5033014e-01  -4.4929475e-01  -4.0827867e-01   5.2426520e-01   5.8161983e-01  -5.5437798e-01  -6.4810324e-01   8.5169085e-01   6.4628318e-01  -5.5066726e-01
  -3.5721818e-01  -1.5686982e-01   5.4137874e-01   5.5407487e-01  -5.5743303e-01  -5.8328137e-01   4.3377943e-01   1.5359131e-02   3.4571956e-01  -4.1655848e-01   2.4305235e-01   2.1837013e-01  -2.7903385e-01   5.8236983e-01  -3.4300411e-01  -5.1400280e-01  -4.6016542e-01  -2.5159600e-01   5.0942591e-01   5.4043724e-01  -4.7550313e-01  -6.2984868e-01   6.2054969e-01   8.6418109e-01  -5.3531360e-01
   3.5734684e-01  -7.2280195e-02  -3.4256983e-01  -4.3870128e-01   4.4094584e-01   3.7916181e-01  -2.3459064e-01  -3.5186092e-02  -2.9100068e-01   2.0607343e-01  -1.6044161e-01  -1.4319590e-01   2.8395748e-01  -5.0503654e-01   2.4820513e-01   3.1444257e-01   5.0840372e-01   3.2969296e-01  -4.6846287e-01  -5.1396717e-01   4.8355488e-01   4.6605925e-01  -5.1169722e-01  -4.7636389e-01   6.7884372e-01
