   9.4340375e-02  -3.1207528e-01  -1.5770376e-02   6.5970599e-02   1.1706268e-01  -1.4024556e-01   2.5699968e-01  -8.3222666e-02  -6.0996210e-02  -3.0232917e-02   1.8283696e-01   6.3703247e-03   6.9832445e-02  -9.2845584e-03   2.4190075e-02  -5.9048436e-02  -1.2977304e-01   2.2343129e-01  -1.6090410e-02  -2.8558761e-02   1.4850697e-01  -6.4876053e-02   1.0789324e-01   1.8521080e-01  -3.6393263e-02
  -1.4005643e-01   2.2791767e-02   1.7225321e-02  -8.1249063e-02   1.4983386e-01  -1.0273666e-01  -8.2286232e-03   2.4725191e-01   8.2556055e-02  -7.2116350e-02  -1.3176965e-01   1.4182595e-01  -9.7055970e-02   1.0029340e-01  -1.7002958e-01  -1.0004858e-01   3.3552247e-02  -8.3656856e-02  -1.5685087e-02   1.9253225e-01  -4.0600947e-02  -3.7213444e-02   1.6889715e-01  -5.4096736e-02  -2.0669113e-02
  -1.8649145e-01   3.3457018e-02   5.6968500e-02   1.2943534e-02  -1.5794927e-01  -6.8684580e-02   5.4197821e-02   3.2524828e-02  -6.4612955e-02  -1.2006559e-01  -5.7993329e-03  -1.6262738e-01  -1.3332697e-01   7.5302170e-02  -1.9320309e-01  -1.2758228e-02  -2.0542691e-02  -5.8653115e-02   1.1976652e-01  -4.5184679e-02  -8.5158979e-02  -6.9559671e-02   3.5427050e-02   1.4920001e-01  -3.4814971e-01
  -4.8780477e-02  -1.3171638e-01   5.7945885e-02   1.1484272e-01  -1.6193973e-01  -1.5361665e-01   1.8487763e-01  -4.3473476e-02   2.2503278e-02  -9.7214502e-02   1.9287978e-01  -7.6825360e-02  -1.6867416e-02  -9.7131126e-03  -2.0324142e-01  -1.1949968e-01  -5.4412203e-02   9.5841460e-02   3.7785893e-02  -1.6298223e-02  -3.9589255e-02  -1.6427995e-01   6.5215891e-02   1.3850766e-01  -2.9180168e-01
   9.0403259e-02   9.3151634e-02  -1.3788196e-01   1.2986747e-02   9.8849956e-02   1.9305103e-01  -1.6003416e-01  -1.2022668e-01  -1.0006084e-01   1.0017544e-01  -4.7822125e-02  -1.2426540e-02   1.0306567e-01  -3.3142171e-02   4.6394982e-02   1.7489532e-01   2.9903125e-02  -7.9558837e-02  -1.2935392e-01  -1.4337356e-01   5.4545800e-02   1.3479689e-01  -1.6192071e-01  -1.3835935e-01   2.0067782e-01
   1.1055056e-03  -1.4236532e-01  -2.8747480e-02  -6.2031113e-02   2.4959139e-01   5.9133661e-02   1.0278104e-02   5.2252097e-02  -8.0173194e-02   2.1697917e-01   5.6760407e-02   5.4478650e-02   2.0262791e-01  -4.6443966e-02   5.4068709e-02   4.2643304e-02  -4.8479613e-02   1.0246796e-01  -1.6971017e-01   5.0421157e-02   1.0747475e-01   9.2317188e-03   2.4288401e-02   1.4322785e-03   2.3109984e-01
   1.6055631e-01   1.3486707e-02   4.6131923e-02   1.1941896e-01  -2.4251398e-01   3.2732467e-02   5.6231413e-02  -1.5146930e-01   9.0349634e-02  -1.6100983e-01   3.7537806e-02  -8.2437615e-02  -9.1927073e-02  -7.4645116e-02   1.3041649e-01   7.4456772e-02   9.5482624e-02   5.3624267e-02   1.1879683e-01  -1.7196686e-01  -2.7938464e-02  -2.2770542e-02  -1.3297756e-01   3.6831583e-02  -9.3040249e-02
  -9.7105637e-03   2.3237155e-01  -3.1817970e-02  -7.9905561e-02  -1.9582196e-01   3.2446017e-02  -9.4115877e-02   2.1394159e-01  -1.3834722e-01  -2.0695915e-01  -1.6714432e-01   1.3295595e-02  -1.4969029e-01   8.5701990e-02  -1.3599542e-01   4.0582431e-02   1.3212665e-02  -2.0354332e-01   2.1934993e-01  -1.9446920e-02  -9.0319933e-02  -2.9679699e-02   6.1391334e-02   1.3447410e-02  -2.4395306e-01
  -4.4567739e-02  -2.5379185e-01   4.7282243e-02   9.5974940e-02  -1.4831659e-01  -1.5685124e-01   2.1822204e-01  -1.5320373e-01   2.8572753e-01  -1.6495005e-01   2.6054856e-01  -6.2075412e-02   9.4561333e-03   3.7322608e-02  -3.1963552e-01  -9.2545620e-02  -3.0165076e-01   1.4615860e-01   1.3720297e-01  -1.9530487e-03  -8.7447053e-02  -1.3201848e-01   1.5064905e-01   2.0167480e-01  -2.0899510e-01
   1.9096078e-01   1.5640120e-02  -1.3596183e-01  -1.2390342e-01   1.8965344e-01   1.1224301e-01  -1.0529688e-01  -1.2696306e-01  -1.4933759e-01   1.3936564e-01  -1.1848864e-01  -1.3158689e-03   1.2733497e-01  -1.0769876e-01   7.2354203e-02   1.7917241e-01   7.2604166e-03   1.0631906e-01  -1.7927658e-01  -1.5656500e-01   1.5503573e-01   1.5344357e-01  -1.5644937e-01  -2.2839179e-01   2.5176917e-01
   2.3343874e-01  -1.0360022e-01  -7.4876124e-02   4.0357323e-02  -9.5171095e-02   1.0222914e-01   8.4639627e-02  -2.2129328e-01   1.2407344e-01  -1.8601759e-02   2.5157867e-01  -1.4196910e-01   7.1263450e-02  -1.6846341e-01   2.4602821e-02   1.3627330e-01  -4.7152115e-02   2.4212275e-01  -6.0549902e-02  -2.0544901e-01   7.3314614e-03   9.8600380e-02  -1.9135831e-01  -1.1339456e-01   2.5401442e-02
   1.5173218e-01  -3.6023245e-02  -2.2525257e-01  -2.4579254e-01   1.3018575e-01   1.7379323e-01  -1.5409332e-01  -1.1496214e-01  -2.0338077e-01   4.9817462e-03  -1.9213703e-01  -3.9667538e-03   1.3504424e-02  -1.8195760e-01  -4.6305744e-02   2.4610648e-01   1.7472968e-01   1.7461679e-01  -1.5534145e-01  -3.1271975e-01   2.4852052e-01   2.1691258e-01  -2.9456777e-01  -1.4433985e-01  -3.2705065e-02
   2.7861388e-01  -1.5511158e-01   6.1273246e-02   1.2788842e-01  -8.0896692e-02   1.3479895e-02   1.5801214e-01  -2.1027323e-01   1.7705991e-01  -2.0572604e-03   7.8229182e-02   7.9134163e-02   1.1647350e-01  -1.6549827e-01   2.5664198e-01   4.5145907e-02   1.0379851e-01   2.1540188e-03  -5.0733391e-02  -2.2761454e-01   1.5903422e-01  -2.1190280e-02  -2.1777224e-01  -3.0046815e-02   2.1800631e-01
   7.3535615e-03   2.7909079e-01  -4.7437552e-02   3.7015323e-03  -2.0721660e-01   4.9845978e-02  -1.0405913e-01  -2.5559107e-02   1.1619719e-01  -1.4053779e-01  -1.7781601e-01  -1.0280841e-01  -3.5506847e-01   1.4633226e-01  -7.0783820e-02   1.4707158e-02   6.4771356e-02  -1.1495628e-01   2.1487092e-01   2.5002874e-02  -2.0648490e-01  -1.9006914e-02   1.7013914e-01   3.0317979e-02  -1.9595053e-01
   5.6158521e-02  -1.3728400e-01  -9.7968040e-03  -6.4074373e-02   1.6274417e-01   1.3493575e-02   6.8250403e-02  -2.9520720e-02   1.0093473e-02   2.5335679e-02  -1.0872656e-01   6.3110625e-02   8.7454696e-02  -1.4501602e-01   2.2231017e-01  -1.5985890e-02  -4.0969899e-03   2.0873296e-01  -2.8386324e-02   4.5654591e-02   6.0332748e-02   2.9966015e-02   2.6942087e-02  -1.0700243e-01   1.3038355e-01
   9.2278904e-02  -1.9494460e-01  -9.6817534e-02  -8.9096193e-02   3.2364637e-01   3.3923790e-02   3.4135774e-02   4.4393855e-02   5.2180473e-03   2.6733680e-01   1.5170750e-01   1.1394501e-02   2.6760677e-01  -7.8435161e-02   2.5580789e-02   3.8526236e-02   2.8987508e-02   1.8828030e-01  -2.7295075e-01  -1.6860404e-02   1.8246729e-01   8.9899370e-02  -2.8712972e-02  -1.0827881e-01   3.1002197e-01
  -8.8671599e-02   5.4879245e-02  -7.1134933e-03   4.2820663e-02   8.8740304e-02   8.3101590e-02  -3.2128882e-02   8.6596619e-02  -2.6539013e-01   1.0630500e-01  -7.9784572e-02   5.6033633e-02   6.5210413e-02   6.8373047e-02   1.0889925e-01   1.2251368e-01   7.5828237e-02  -1.3538056e-01  -2.4292024e-02  -9.1352096e-02   1.5844617e-01  -3.8210790e-02  -1.0219250e-01  -3.0927711e-03   1.8282102e-03
   6.1689448e-02  -2.3565162e-01   1.2509404e-01   1.4370372e-01  -1.6099900e-02  -2.4853496e-02   9.2772628e-02  -1.6921354e-01  -4.3343344e-03   8.0390778e-02   2.4320362e-01   3.4696487e-02   1.1020200e-01   5.1487250e-03   1.6269100e-01  -4.3068025e-02  -1.1459194e-01   4.2071441e-02  -1.2975013e-02   1.6524338e-02  -2.0814810e-02  -3.8682409e-02  -1.7039910e-01   6.5863713e-02   2.1887053e-01
  -1.8906543e-01  -2.9273231e-02   1.4686516e-01   8.3076755e-02  -1.0752026e-01  -2.1771633e-01   1.7448115e-01   8.2209428e-02   2.3913974e-01  -1.6344801e-01   1.9318125e-02   5.6737493e-03  -1.0964087e-01   1.4037333e-01  -1.6440977e-01  -2.0082300e-01  -1.4460322e-01   5.5829330e-02   1.6844064e-01   2.5712340e-01  -2.1512446e-01  -1.6894312e-01   3.2161072e-01   2.1553573e-01  -3.3389221e-01
  -1.4746215e-01   8.6857484e-02   7.5010409e-03   2.0922374e-02  -1.7057351e-01  -1.0771968e-01  -5.0250189e-03   1.3518924e-01   4.8865838e-02  -4.2627132e-02  -5.5089433e-02  -4.6066259e-02  -1.1141920e-01   4.2017566e-02  -1.5526382e-01  -1.1032382e-01  -1.0240140e-02  -1.2807696e-01   1.1189405e-01   1.1118699e-01  -1.1638623e-01  -1.0634615e-01   1.5216071e-01   9.4804035e-02  -2.8424131e-01
   1.0774055e-01  -1.9563173e-01   1.3088306e-01   1.4217293e-01   4.9115624e-02  -4.1957859e-02   1.2898248e-01  -5.8078516e-02  -1.1172528e-01   1.9405182e-02   3.0189891e-02   1.4106267e-01   8.8876324e-02   1.0714315e-01   8.0694807e-02   5.5797615e-03   3.0642648e-02   1.0119790e-01  -9.2560245e-03  -1.9657321e-02   1.0509937e-01  -9.0150738e-02  -1.1598271e-01   1.6766194e-01   1.4604905e-01
   1.8198506e-01   8.7637225e-02  -8.3202649e-02  -5.0032883e-02   1.5652948e-01   1.5637245e-01  -1.8579573e-01  -6.2196631e-02  -2.6295934e-02   1.0036195e-01  -9.1727729e-02   8.0926788e-02   2.3811685e-02   4.2435274e-02   1.5392979e-01   1.3034487e-01  -6.7100972e-02  -1.6963945e-02  -8.3481720e-02  -2.1554231e-03  -6.4039218e-02   7.9954113e-02  -1.2000729e-02  -8.7016887e-02   2.4927700e-01
  -1.2683939e-01   1.6726730e-01  -2.1902977e-02  -2.0714923e-03  -1.6070105e-01  -5.4066351e-02  -3.1934142e-02   8.9631636e-02   6.2253809e-02  -1.2643411e-01  -9.0813315e-02  -1.2508392e-01  -1.7962142e-01   7.9578249e-04  -1.3080436e-01  -7.9213119e-02   6.9995759e-02  -1.7125030e-01   1.0021847e-01   4.4833968e-02  -1.0599700e-01  -5.1481655e-02   8.2295181e-02   6.5174519e-02  -2.5032166e-01
  -4.0867479e-02   1.3221572e-01  -6.9088244e-02  -1.0207022e-02  -1.5353195e-01   1.6785679e-02   6.1572336e-03  -7.3259471e-02   7.7424816e-02  -1.1055160e-01  -2.5982461e-02  -2.0399938e-01  -1.9280127e-01   5.9228195e-03  -2.1428840e-02   2.1082791e-02  -3.2662144e-04   1.1386455e-02   1.4066958e-01  -3.8635614e-02  -1.0948709e-01   3.4717717e-02   6.0427447e-02   2.6045627e-02  -1.6201329e-01
   7.3404432e-02  -5.9388846e-02  -7.2285186e-02  -1.3333772e-01   2.0970697e-01   1.6113824e-01  -7.3247269e-02  -1.7816727e-02  -3.2854204e-01   2.1174466e-01   6.5409253e-02   1.0521666e-01   1.8754726e-01  -7.3070972e-02   2.0660497e-01   1.5229538e-01   8.3609604e-02   5.3025761e-02  -2.3939083e-01  -1.5522149e-01   9.6840506e-02   8.9448373e-02  -2.3200992e-01  -4.3904718e-02   8.0199226e-02
