   5.5618059e-01   2.6887592e-01  -4.4751577e-02  -2.4735351e-01   1.0514096e-01   3.8320958e-01  -3.4396467e-01  -2.1595511e-02  -1.4060432e-02   1.1490383e-01  -2.4722382e-01  -6.6381735e-02  -2.3045973e-02  -3.2732348e-01   1.8227191e-01   3.0053536e-01   3.0345762e-01   4.6203165e-02  -1.3914040e-01  -2.6252638e-01   1.1334142e-01   3.0691914e-01  -4.1509981e-01  -4.7267360e-01   3.5214068e-01
   9.8341222e-02   8.5896705e-01  -2.7151569e-01  -2.0671834e-01  -8.3260535e-02   5.5021314e-01  -4.6056575e-01  -3.5026230e-01  -2.1146998e-01   1.2357487e-01  -3.0822723e-01  -3.0732182e-01  -2.7237131e-01  -1.0147415e-01   4.1638175e-01   4.5304283e-01  -6.2701733e-02  -2.0599564e-01   1.6623007e-01  -2.6120056e-01  -1.1352082e-01   2.5637645e-01  -1.7342381e-01  -1.1373604e-01  -2.5106431e-02
   1.1330291e-02  -2.9381937e-01   8.3565291e-01   5.3532002e-01  -2.8013570e-01  -5.5392525e-01   4.4515007e-01   2.1705447e-01   5.0480893e-01  -2.2413062e-01   2.9223871e-01   4.7534578e-01   1.3097966e-02   3.8294124e-01  -1.6816035e-01  -6.0688451e-01  -1.9352116e-01  -1.5497522e-01   1.6826229e-01   5.9532766e-01  -2.3729836e-01  -5.4649873e-01   4.3723597e-01   4.0669400e-01  -6.4196485e-02
  -1.9416961e-01  -2.0420140e-01   5.1885148e-01   7.6469153e-01  -2.5377628e-01  -4.3171591e-01   3.6012802e-01   2.4710490e-01   4.4197769e-01  -1.9584120e-01   1.4939024e-01   4.7509462e-01  -1.5976800e-02   4.4830837e-01  -1.6518911e-01  -4.5040007e-01  -2.3768309e-01  -1.7849953e-01   2.5711536e-01   5.1218343e-01  -2.8936440e-01  -4.3081538e-01   3.9455108e-01   4.1557213e-01  -1.7419399e-01
   1.7501613e-01  -5.4329363e-02  -3.0583533e-01  -4.0952436e-01   7.5195192e-01   1.3430258e-01  -5.7466805e-02   2.6014512e-01  -2.2046859e-01   3.1591163e-01   5.9158270e-02  -1.6249950e-01   3.8217183e-01  -5.1629051e-01   1.3631894e-01   2.1105388e-01   3.3911084e-01   3.7017792e-01  -3.5284267e-01  -3.3849088e-01   4.4401407e-01   3.1121302e-01  -4.3027062e-01  -4.3189900e-01   2.1870280e-01
   2.8043876e-01   5.8777038e-01  -5.8987761e-01  -4.8945810e-01   7.8636021e-02   8.5565387e-01  -5.9320706e-01  -2.6415608e-01  -2.9504910e-01   4.1166303e-02  -4.9173461e-01  -4.7551556e-01  -2.6146111e-01  -3.4201637e-01   3.4817553e-01   5.8264871e-01   2.1762706e-01  -2.1768852e-02   2.7198875e-03  -5.6027298e-01   6.6919483e-02   5.5594957e-01  -4.2761562e-01  -5.3673839e-01   2.0192547e-01
  -2.9401173e-01  -4.7920932e-01   4.6419838e-01   4.1754262e-01  -1.4573846e-02  -6.1939828e-01   8.4340466e-01   2.5373837e-01   2.7787720e-01  -4.0706158e-02   3.8335365e-01   4.1843351e-01   2.1608663e-01   3.1104445e-01  -4.9879130e-01  -6.2548861e-01  -2.9436172e-01   3.3553118e-02  -2.2109979e-02   5.1712805e-01  -5.6887225e-02  -4.7807006e-01   3.9559328e-01   3.9657090e-01  -2.1847026e-01
  -1.0702971e-01  -3.4271891e-01   2.7883019e-01   2.5606745e-01   2.9176858e-01  -2.2515199e-01   1.9417028e-01   5.9319671e-01   2.2567805e-01   1.8722433e-01   1.3678576e-01   2.9529080e-01   1.8675375e-01  -3.2288393e-03  -1.7566980e-01  -3.4596071e-01   1.1813271e-01  -4.1167149e-03  -2.6398779e-01   2.2334356e-01   5.3545662e-02  -1.4271691e-01  -4.6419952e-03   2.5218162e-02   1.0325892e-01
  -4.0968733e-02   4.4469139e-02   3.4287266e-01   3.4804143e-01  -1.7975567e-01  -2.0661273e-01   1.4682754e-01   1.3366693e-01   4.5009909e-01  -1.4345268e-01   2.1956554e-02   3.1565150e-01  -1.1453609e-01   2.0936594e-01   1.6764315e-01  -2.2367906e-01  -5.3991037e-03  -1.1389756e-01   1.3453816e-01   3.6616531e-01  -2.6839246e-01  -2.4996158e-01   1.7268668e-01   1.5176963e-01  -7.3967226e-02
   1.2922600e-03   6.6439691e-02  -2.4954576e-01  -2.3815778e-01   2.2811890e-01   1.9057620e-01  -1.0638219e-01   1.0236560e-01  -1.4243028e-01   6.7780957e-01   8.1605765e-02  -2.3585202e-01   1.6652554e-01  -3.1826866e-01   1.3725677e-01   1.1160362e-01   2.2813999e-01   7.7750670e-02  -2.5466159e-01  -2.2335004e-01   2.1245183e-01   3.3856931e-01  -2.9138678e-01  -2.5414445e-01   1.6205333e-02
  -2.6909030e-01  -3.6517420e-01   4.0838560e-01   2.7289762e-01   6.1126762e-02  -5.6387135e-01   3.6390534e-01   2.1626903e-01   1.6221439e-01   2.9751488e-02   5.8704588e-01   2.9743989e-01   2.6486287e-01   2.2495042e-01  -3.3472122e-01  -5.1008086e-01  -1.6783690e-01  -1.2943871e-01   4.5509900e-02   4.3405989e-01  -9.5569011e-02  -3.3155925e-01   3.4266354e-01   3.2349675e-01  -2.3671447e-01
  -2.5073049e-01  -2.2377422e-01   5.2150299e-01   6.0788855e-01  -2.9393667e-01  -5.6145308e-01   4.7629171e-01   3.5242058e-01   5.2360757e-01  -2.3236187e-01   2.9475585e-01   7.6425873e-01  -5.1723541e-02   3.1519924e-01  -2.2110383e-01  -6.1499100e-01  -1.2863625e-01  -2.1741312e-01   2.0140973e-01   6.3288193e-01  -2.6224889e-01  -5.0906960e-01   4.2153163e-01   3.3729937e-01  -1.7002517e-01
  -1.1711796e-01  -2.2974735e-01  -1.4874335e-01  -1.7010841e-01   4.8632673e-01  -1.0990710e-01   4.5969666e-02   2.6566065e-01  -2.4591092e-01   2.5055077e-01   2.4022084e-01  -1.1851092e-01   7.1948477e-01  -1.6771502e-01  -2.4175094e-01  -1.0454760e-01   9.3398098e-02   3.4736038e-01  -3.3287476e-01  -7.4444614e-02   2.6402475e-01   2.6535406e-01  -1.2225442e-01  -2.0507619e-01   6.3942547e-02
  -3.9989127e-01  -2.9904327e-01   5.2791341e-01   4.8021836e-01  -3.8030422e-01  -4.8155804e-01   3.5657189e-01   9.3192671e-02   1.6754762e-01  -2.4890646e-01   2.5863916e-01   2.8274591e-01  -1.8985103e-04   7.2032260e-01  -2.3913184e-01  -4.1947254e-01  -5.1568927e-01  -2.5125996e-01   2.9892941e-01   5.3773512e-01  -3.8255877e-01  -6.0146418e-01   4.9012137e-01   5.7401341e-01  -3.6072931e-01
   1.5361800e-01   4.4790256e-01  -3.3844030e-01  -2.5871321e-01   7.6928983e-03   3.9778669e-01  -4.8436797e-01  -2.7566728e-01  -1.4627005e-01   1.0656131e-01  -2.4560306e-01  -3.4285296e-01  -1.3700230e-01  -9.5011791e-02   5.3876756e-01   5.1896965e-01   1.1728308e-01  -6.3297096e-02  -6.6097212e-02  -4.0371997e-01   8.2099793e-02   2.6070950e-01  -2.5468625e-01  -2.2570177e-01   1.4395826e-01
   2.4693900e-01   5.2451357e-01  -5.5187875e-01  -4.6337307e-01   1.1082548e-01   5.8027013e-01  -5.8816542e-01  -3.4366316e-01  -3.7453009e-01  -1.0977890e-02  -4.9655025e-01  -4.3481016e-01  -2.7374876e-01  -3.1153610e-01   4.4457867e-01   8.1892764e-01   1.7298865e-01  -5.8339944e-02   4.1831437e-02  -5.1724260e-01   3.5890292e-02   4.2638678e-01  -3.9922713e-01  -4.1766154e-01   8.8677257e-02
   2.6804525e-01  -6.4652350e-02  -2.2901246e-01  -3.2624556e-01   3.1058252e-01   1.1592833e-01  -1.8946341e-01   1.0100293e-01   1.2238173e-02   1.5439051e-01  -1.4964826e-01  -1.8456522e-02   1.5843900e-01  -5.3503085e-01   2.2208864e-02   7.2860612e-02   7.4143085e-01   2.9339963e-01  -4.4199207e-01  -2.7634148e-01   3.0153261e-01   4.3020774e-01  -3.8282906e-01  -4.6167262e-01   4.4638484e-01
   2.3050256e-01  -8.4268061e-02  -2.9106264e-01  -2.0789718e-01   3.1952270e-01   6.0495861e-02   2.8572785e-02  -4.6079009e-02  -5.5876917e-02   7.6173954e-02  -1.0163452e-01  -1.3359135e-01   3.0689736e-01  -3.6253788e-01  -1.8592211e-02   8.5628846e-02   2.6642869e-01   6.3650142e-01  -3.3380216e-01  -3.0492549e-01   3.9313642e-01   2.2517133e-01  -2.0165393e-01  -3.1150120e-01   1.1618387e-01
  -6.4719102e-02   1.9431490e-01   1.3718879e-01   2.1057404e-01  -3.5131897e-01   7.4549313e-02  -1.1000074e-01  -1.8908061e-01   3.0775361e-02  -2.3509698e-01  -1.6392174e-02   5.9133361e-02  -3.0966097e-01   3.4971239e-01   3.7160940e-02   4.0994893e-02  -3.1397959e-01  -3.7148144e-01   6.7228209e-01   1.3328223e-01  -3.7423572e-01  -2.3026118e-01   2.2003811e-01   2.9197751e-01  -1.0093105e-01
  -1.9303299e-01  -1.4966824e-01   5.9761006e-01   5.1180908e-01  -3.3788361e-01  -4.1528068e-01   3.5131946e-01   7.0262944e-02   3.5579059e-01  -2.8871504e-01   2.4851007e-01   4.4991811e-01  -2.0061807e-01   5.0422178e-01  -2.1091657e-01  -4.2851621e-01  -3.5723554e-01  -2.5733913e-01   3.2565192e-01   7.1955154e-01  -3.5481312e-01  -5.5924074e-01   4.3701259e-01   4.6423776e-01  -2.6575928e-01
   1.7786983e-01   7.2742755e-03  -4.3490048e-01  -4.5768435e-01   4.2465284e-01   1.9240033e-01  -1.5281467e-01   1.5139015e-02  -2.0764559e-01   2.9229751e-01  -1.0064203e-01  -1.7327393e-01   3.4144202e-01  -6.4194772e-01   1.1477720e-01   1.7237084e-01   4.0461738e-01   3.4725487e-01  -5.6344150e-01  -4.1400397e-01   6.9632949e-01   5.1226483e-01  -4.2428861e-01  -6.0483130e-01   3.4997074e-01
   1.5990559e-01   1.7506707e-01  -5.4943704e-01  -5.3056871e-01   2.8826053e-01   4.4732708e-01  -3.4321782e-01  -1.0818484e-01  -3.8656687e-01   3.2604773e-01  -1.7170049e-01  -3.9501488e-01   2.0797370e-01  -6.1035874e-01   1.8490863e-01   3.8483679e-01   4.5537550e-01   2.1147613e-01  -3.1428559e-01  -6.0019699e-01   4.7836018e-01   7.8466456e-01  -5.9642356e-01  -5.6451714e-01   2.5143328e-01
  -2.6679229e-01  -1.7761278e-01   5.2793027e-01   4.8962793e-01  -4.6183196e-01  -4.0755488e-01   3.1609879e-01  -4.8115729e-02   2.9098436e-01  -3.0929606e-01   2.4213437e-01   3.3116041e-01  -2.0718334e-01   6.4395265e-01  -1.8463326e-01  -3.7111702e-01  -5.1929051e-01  -2.3702838e-01   4.2404673e-01   5.3678587e-01  -4.4838099e-01  -5.9662158e-01   7.6939567e-01   5.8110866e-01  -3.0034560e-01
  -3.1635070e-01  -2.8908554e-01   6.1046698e-01   5.6428189e-01  -4.0390108e-01  -6.0006705e-01   4.2762220e-01   8.8618602e-02   2.6829474e-01  -3.0600688e-01   2.6903481e-01   4.2236951e-01  -8.6232580e-02   5.7644701e-01  -3.2157527e-01  -5.3508559e-01  -4.5983880e-01  -2.6298245e-01   3.6875634e-01   5.7907286e-01  -3.6601603e-01  -6.6456640e-01   5.6012224e-01   8.3813546e-01  -3.7330031e-01
   2.8394241e-01  -1.2891349e-02  -2.7028465e-01  -3.0536356e-01   2.3123887e-01   2.1802357e-01  -1.6134337e-01  -1.7369365e-02   3.7541362e-02  -5.6712273e-03  -2.2585087e-01  -2.4841255e-01   9.6410220e-02  -4.3196557e-01   4.1600161e-02   1.6214719e-01   4.2479412e-01   2.7666719e-01  -2.2907203e-01  -3.5874568e-01   3.8671437e-01   3.7661088e-01  -2.7968731e-01  -4.3245917e-01   5.9864450e-01
