   0.0000000e+00   0.0000000e+00   0.0000000e+00   0.0000000e+00   0.0000000e+00   0.0000000e+00   1.7980000e-01   0.0000000e+00   8.4480000e-01   0.0000000e+00   0.0000000e+00   0.0000000e+00   0.0000000e+00   0.0000000e+00   0.0000000e+00   0.0000000e+00   0.0000000e+00   0.0000000e+00   0.0000000e+00   0.0000000e+00   0.0000000e+00   0.0000000e+00   0.0000000e+00   0.0000000e+00   0.0000000e+00
   0.0000000e+00   0.0000000e+00   1.9999999e-04   6.9400001e-01   0.0000000e+00   0.0000000e+00   0.0000000e+00   0.0000000e+00   9.9699998e-01   0.0000000e+00   0.0000000e+00   0.0000000e+00   8.3999997e-03   0.0000000e+00   3.0000000e-03   0.0000000e+00   0.0000000e+00   2.6000000e-03   0.0000000e+00   0.0000000e+00   0.0000000e+00   0.0000000e+00   0.0000000e+00   0.0000000e+00   0.0000000e+00
   0.0000000e+00   1.9999999e-04   0.0000000e+00   1.6419999e-01   0.0000000e+00   1.9999999e-04   0.0000000e+00   0.0000000e+00   0.0000000e+00   0.0000000e+00   0.0000000e+00   0.0000000e+00   0.0000000e+00   1.9999999e-04   0.0000000e+00   0.0000000e+00   2.4000001e-03   0.0000000e+00   0.0000000e+00   0.0000000e+00   0.0000000e+00   0.0000000e+00   0.0000000e+00   1.6200000e-02   0.0000000e+00
   0.0000000e+00   6.9400001e-01   1.6419999e-01   0.0000000e+00   2.9800000e-02   1.0000000e-03   0.0000000e+00   0.0000000e+00   0.0000000e+00   1.5680000e-01   0.0000000e+00   0.0000000e+00   0.0000000e+00   1.7320000e-01   0.0000000e+00   0.0000000e+00   0.0000000e+00   0.0000000e+00   3.0000000e-03   0.0000000e+00   1.7000001e-02   0.0000000e+00   0.0000000e+00   0.0000000e+00   9.8800004e-02
   0.0000000e+00   0.0000000e+00   0.0000000e+00   2.9800000e-02   0.0000000e+00   0.0000000e+00   0.0000000e+00   0.0000000e+00   0.0000000e+00   0.0000000e+00   0.0000000e+00   0.0000000e+00   0.0000000e+00   0.0000000e+00   0.0000000e+00   0.0000000e+00   0.0000000e+00   0.0000000e+00   0.0000000e+00   0.0000000e+00   0.0000000e+00   0.0000000e+00   0.0000000e+00   5.2200001e-02   0.0000000e+00
   0.0000000e+00   0.0000000e+00   1.9999999e-04   1.0000000e-03   0.0000000e+00   0.0000000e+00   0.0000000e+00   0.0000000e+00   0.0000000e+00   0.0000000e+00   1.9999999e-04   0.0000000e+00   0.0000000e+00   0.0000000e+00   0.0000000e+00   0.0000000e+00   0.0000000e+00   0.0000000e+00   0.0000000e+00   0.0000000e+00   3.1599998e-02   2.7400000e-02   0.0000000e+00   0.0000000e+00   0.0000000e+00
   1.7980000e-01   0.0000000e+00   0.0000000e+00   0.0000000e+00   0.0000000e+00   0.0000000e+00   0.0000000e+00   0.0000000e+00   0.0000000e+00   0.0000000e+00   0.0000000e+00   0.0000000e+00   0.0000000e+00   0.0000000e+00   0.0000000e+00   9.5599997e-01   0.0000000e+00   0.0000000e+00   0.0000000e+00   0.0000000e+00   0.0000000e+00   6.4880002e-01   0.0000000e+00   0.0000000e+00   0.0000000e+00
   0.0000000e+00   0.0000000e+00   0.0000000e+00   0.0000000e+00   0.0000000e+00   0.0000000e+00   0.0000000e+00   0.0000000e+00   0.0000000e+00   0.0000000e+00   0.0000000e+00   0.0000000e+00   0.0000000e+00   1.1000000e-02   0.0000000e+00   0.0000000e+00   0.0000000e+00   0.0000000e+00   2.3980001e-01   0.0000000e+00   0.0000000e+00   1.9999999e-04   0.0000000e+00   9.8180002e-01   0.0000000e+00
   8.4480000e-01   9.9699998e-01   0.0000000e+00   0.0000000e+00   0.0000000e+00   0.0000000e+00   0.0000000e+00   0.0000000e+00   0.0000000e+00   8.8859999e-01   0.0000000e+00   0.0000000e+00   0.0000000e+00   0.0000000e+00   0.0000000e+00   1.3900000e-01   0.0000000e+00   0.0000000e+00   0.0000000e+00   0.0000000e+00   0.0000000e+00   1.8820000e-01   0.0000000e+00   0.0000000e+00   1.9999999e-04
   0.0000000e+00   0.0000000e+00   0.0000000e+00   1.5680000e-01   0.0000000e+00   0.0000000e+00   0.0000000e+00   0.0000000e+00   8.8859999e-01   0.0000000e+00   4.1600000e-02   0.0000000e+00   0.0000000e+00   9.8600000e-02   1.9999999e-04   1.9999999e-04   0.0000000e+00   3.0000000e-03   8.4840000e-01   0.0000000e+00   0.0000000e+00   9.9879998e-01   4.0399998e-02   0.0000000e+00   0.0000000e+00
   0.0000000e+00   0.0000000e+00   0.0000000e+00   0.0000000e+00   0.0000000e+00   1.9999999e-04   0.0000000e+00   0.0000000e+00   0.0000000e+00   4.1600000e-02   0.0000000e+00   0.0000000e+00   1.0060000e-01   0.0000000e+00   0.0000000e+00   0.0000000e+00   0.0000000e+00   0.0000000e+00   0.0000000e+00   2.5099999e-01   3.1999999e-03   0.0000000e+00   4.1999999e-03   0.0000000e+00   2.1600001e-02
   0.0000000e+00   0.0000000e+00   0.0000000e+00   0.0000000e+00   0.0000000e+00   0.0000000e+00   0.0000000e+00   0.0000000e+00   0.0000000e+00   0.0000000e+00   0.0000000e+00   0.0000000e+00   0.0000000e+00   0.0000000e+00   0.0000000e+00   0.0000000e+00   0.0000000e+00   0.0000000e+00   0.0000000e+00   0.0000000e+00   0.0000000e+00   0.0000000e+00   0.0000000e+00   8.8000000e-03   0.0000000e+00
   0.0000000e+00   8.3999997e-03   0.0000000e+00   0.0000000e+00   0.0000000e+00   0.0000000e+00   0.0000000e+00   0.0000000e+00   0.0000000e+00   0.0000000e+00   1.0060000e-01   0.0000000e+00   0.0000000e+00   0.0000000e+00   0.0000000e+00   0.0000000e+00   0.0000000e+00   0.0000000e+00   8.8000000e-03   0.0000000e+00   1.9999999e-04   1.2800001e-01   0.0000000e+00   0.0000000e+00   0.0000000e+00
   0.0000000e+00   0.0000000e+00   1.9999999e-04   1.7320000e-01   0.0000000e+00   0.0000000e+00   0.0000000e+00   1.1000000e-02   0.0000000e+00   9.8600000e-02   0.0000000e+00   0.0000000e+00   0.0000000e+00   0.0000000e+00   0.0000000e+00   0.0000000e+00   0.0000000e+00   0.0000000e+00   0.0000000e+00   1.9999999e-04   4.2199999e-02   0.0000000e+00   0.0000000e+00   0.0000000e+00   0.0000000e+00
   0.0000000e+00   3.0000000e-03   0.0000000e+00   0.0000000e+00   0.0000000e+00   0.0000000e+00   0.0000000e+00   0.0000000e+00   0.0000000e+00   1.9999999e-04   0.0000000e+00   0.0000000e+00   0.0000000e+00   0.0000000e+00   0.0000000e+00   1.1600000e-01   0.0000000e+00   0.0000000e+00   0.0000000e+00   1.0440000e-01   0.0000000e+00   0.0000000e+00   0.0000000e+00   0.0000000e+00   0.0000000e+00
   0.0000000e+00   0.0000000e+00   0.0000000e+00   0.0000000e+00   0.0000000e+00   0.0000000e+00   9.5599997e-01   0.0000000e+00   1.3900000e-01   1.9999999e-04   0.0000000e+00   0.0000000e+00   0.0000000e+00   0.0000000e+00   1.1600000e-01   0.0000000e+00   0.0000000e+00   3.9999999e-04   0.0000000e+00   0.0000000e+00   0.0000000e+00   0.0000000e+00   0.0000000e+00   0.0000000e+00   0.0000000e+00
   0.0000000e+00   0.0000000e+00   2.4000001e-03   0.0000000e+00   0.0000000e+00   0.0000000e+00   0.0000000e+00   0.0000000e+00   0.0000000e+00   0.0000000e+00   0.0000000e+00   0.0000000e+00   0.0000000e+00   0.0000000e+00   0.0000000e+00   0.0000000e+00   0.0000000e+00   0.0000000e+00   0.0000000e+00   0.0000000e+00   0.0000000e+00   0.0000000e+00   0.0000000e+00   2.7400000e-02   2.6000000e-03
   0.0000000e+00   2.6000000e-03   0.0000000e+00   0.0000000e+00   0.0000000e+00   0.0000000e+00   0.0000000e+00   0.0000000e+00   0.0000000e+00   3.0000000e-03   0.0000000e+00   0.0000000e+00   0.0000000e+00   0.0000000e+00   0.0000000e+00   3.9999999e-04   0.0000000e+00   0.0000000e+00   1.9600000e-02   1.9999999e-04   0.0000000e+00   3.4600001e-02   0.0000000e+00   0.0000000e+00   0.0000000e+00
   0.0000000e+00   0.0000000e+00   0.0000000e+00   3.0000000e-03   0.0000000e+00   0.0000000e+00   0.0000000e+00   2.3980001e-01   0.0000000e+00   8.4840000e-01   0.0000000e+00   0.0000000e+00   8.8000000e-03   0.0000000e+00   0.0000000e+00   0.0000000e+00   0.0000000e+00   1.9600000e-02   0.0000000e+00   0.0000000e+00   1.9540000e-01   0.0000000e+00   3.1599998e-02   0.0000000e+00   1.9999999e-04
   0.0000000e+00   0.0000000e+00   0.0000000e+00   0.0000000e+00   0.0000000e+00   0.0000000e+00   0.0000000e+00   0.0000000e+00   0.0000000e+00   0.0000000e+00   2.5099999e-01   0.0000000e+00   0.0000000e+00   1.9999999e-04   1.0440000e-01   0.0000000e+00   0.0000000e+00   1.9999999e-04   0.0000000e+00   0.0000000e+00   0.0000000e+00   0.0000000e+00   1.0400000e-02   0.0000000e+00   0.0000000e+00
   0.0000000e+00   0.0000000e+00   0.0000000e+00   1.7000001e-02   0.0000000e+00   3.1599998e-02   0.0000000e+00   0.0000000e+00   0.0000000e+00   0.0000000e+00   3.1999999e-03   0.0000000e+00   1.9999999e-04   4.2199999e-02   0.0000000e+00   0.0000000e+00   0.0000000e+00   0.0000000e+00   1.9540000e-01   0.0000000e+00   0.0000000e+00   0.0000000e+00   0.0000000e+00   0.0000000e+00   1.9999999e-04
   0.0000000e+00   0.0000000e+00   0.0000000e+00   0.0000000e+00   0.0000000e+00   2.7400000e-02   6.4880002e-01   1.9999999e-04   1.8820000e-01   9.9879998e-01   0.0000000e+00   0.0000000e+00   1.2800001e-01   0.0000000e+00   0.0000000e+00   0.0000000e+00   0.0000000e+00   3.4600001e-02   0.0000000e+00   0.0000000e+00   0.0000000e+00   0.0000000e+00   0.0000000e+00   0.0000000e+00   0.0000000e+00
   0.0000000e+00   0.0000000e+00   0.0000000e+00   0.0000000e+00   0.0000000e+00   0.0000000e+00   0.0000000e+00   0.0000000e+00   0.0000000e+00   4.0399998e-02   4.1999999e-03   0.0000000e+00   0.0000000e+00   0.0000000e+00   0.0000000e+00   0.0000000e+00   0.0000000e+00   0.0000000e+00   3.1599998e-02   1.0400000e-02   0.0000000e+00   0.0000000e+00   0.0000000e+00   1.1800000e-02   0.0000000e+00
   0.0000000e+00   0.0000000e+00   1.6200000e-02   0.0000000e+00   5.2200001e-02   0.0000000e+00   0.0000000e+00   9.8180002e-01   0.0000000e+00   0.0000000e+00   0.0000000e+00   8.8000000e-03   0.0000000e+00   0.0000000e+00   0.0000000e+00   0.0000000e+00   2.7400000e-02   0.0000000e+00   0.0000000e+00   0.0000000e+00   0.0000000e+00   0.0000000e+00   1.1800000e-02   0.0000000e+00   0.0000000e+00
   0.0000000e+00   0.0000000e+00   0.0000000e+00   9.8800004e-02   0.0000000e+00   0.0000000e+00   0.0000000e+00   0.0000000e+00   1.9999999e-04   0.0000000e+00   2.1600001e-02   0.0000000e+00   0.0000000e+00   0.0000000e+00   0.0000000e+00   0.0000000e+00   2.6000000e-03   0.0000000e+00   1.9999999e-04   0.0000000e+00   1.9999999e-04   0.0000000e+00   0.0000000e+00   0.0000000e+00   0.0000000e+00
