   0.0000000e+00   0.0000000e+00   0.0000000e+00   0.0000000e+00   0.0000000e+00   0.0000000e+00   0.0000000e+00   0.0000000e+00   0.0000000e+00   0.0000000e+00   0.0000000e+00   6.4800000e-01   0.0000000e+00   0.0000000e+00   0.0000000e+00   0.0000000e+00   0.0000000e+00   0.0000000e+00   0.0000000e+00   0.0000000e+00   0.0000000e+00   0.0000000e+00   0.0000000e+00   0.0000000e+00   0.0000000e+00
   0.0000000e+00   0.0000000e+00   1.9999999e-04   0.0000000e+00   0.0000000e+00   0.0000000e+00   0.0000000e+00   0.0000000e+00   9.9640000e-01   0.0000000e+00   0.0000000e+00   0.0000000e+00   6.2000002e-03   6.0000003e-04   2.0000001e-03   1.0780000e-01   0.0000000e+00   0.0000000e+00   0.0000000e+00   0.0000000e+00   3.9799999e-02   0.0000000e+00   6.6600001e-01   0.0000000e+00   3.9999999e-04
   0.0000000e+00   1.9999999e-04   0.0000000e+00   0.0000000e+00   0.0000000e+00   0.0000000e+00   0.0000000e+00   0.0000000e+00   9.8839998e-01   0.0000000e+00   0.0000000e+00   0.0000000e+00   0.0000000e+00   0.0000000e+00   0.0000000e+00   0.0000000e+00   0.0000000e+00   1.3600000e-02   0.0000000e+00   0.0000000e+00   0.0000000e+00   0.0000000e+00   0.0000000e+00   1.2200000e-02   0.0000000e+00
   0.0000000e+00   0.0000000e+00   0.0000000e+00   0.0000000e+00   0.0000000e+00   0.0000000e+00   0.0000000e+00   0.0000000e+00   0.0000000e+00   0.0000000e+00   0.0000000e+00   0.0000000e+00   0.0000000e+00   0.0000000e+00   0.0000000e+00   0.0000000e+00   0.0000000e+00   0.0000000e+00   2.0000001e-03   0.0000000e+00   1.3400000e-02   0.0000000e+00   0.0000000e+00   0.0000000e+00   7.7200003e-02
   0.0000000e+00   0.0000000e+00   0.0000000e+00   2.1600001e-02   0.0000000e+00   0.0000000e+00   0.0000000e+00   9.2540002e-01   0.0000000e+00   0.0000000e+00   0.0000000e+00   0.0000000e+00   0.0000000e+00   0.0000000e+00   0.0000000e+00   0.0000000e+00   0.0000000e+00   0.0000000e+00   0.0000000e+00   1.9999999e-04   0.0000000e+00   0.0000000e+00   0.0000000e+00   4.0399998e-02   0.0000000e+00
   0.0000000e+00   0.0000000e+00   0.0000000e+00   0.0000000e+00   0.0000000e+00   0.0000000e+00   0.0000000e+00   0.0000000e+00   0.0000000e+00   0.0000000e+00   1.9999999e-04   0.0000000e+00   0.0000000e+00   0.0000000e+00   0.0000000e+00   0.0000000e+00   0.0000000e+00   0.0000000e+00   0.0000000e+00   0.0000000e+00   0.0000000e+00   0.0000000e+00   0.0000000e+00   0.0000000e+00   0.0000000e+00
   0.0000000e+00   0.0000000e+00   0.0000000e+00   0.0000000e+00   0.0000000e+00   0.0000000e+00   0.0000000e+00   0.0000000e+00   0.0000000e+00   0.0000000e+00   0.0000000e+00   3.9999999e-04   0.0000000e+00   0.0000000e+00   2.9139999e-01   9.5300001e-01   0.0000000e+00   0.0000000e+00   0.0000000e+00   0.0000000e+00   0.0000000e+00   0.0000000e+00   2.2820000e-01   0.0000000e+00   0.0000000e+00
   0.0000000e+00   0.0000000e+00   0.0000000e+00   0.0000000e+00   9.2540002e-01   0.0000000e+00   0.0000000e+00   0.0000000e+00   0.0000000e+00   0.0000000e+00   0.0000000e+00   0.0000000e+00   0.0000000e+00   8.6000003e-03   0.0000000e+00   0.0000000e+00   0.0000000e+00   9.0000004e-02   1.9820000e-01   0.0000000e+00   4.6000001e-03   1.9999999e-04   7.3460001e-01   9.8019999e-01   8.1540000e-01
   0.0000000e+00   0.0000000e+00   0.0000000e+00   0.0000000e+00   0.0000000e+00   0.0000000e+00   0.0000000e+00   0.0000000e+00   0.0000000e+00   0.0000000e+00   0.0000000e+00   0.0000000e+00   0.0000000e+00   0.0000000e+00   0.0000000e+00   0.0000000e+00   0.0000000e+00   0.0000000e+00   0.0000000e+00   0.0000000e+00   1.0000000e-03   0.0000000e+00   0.0000000e+00   0.0000000e+00   0.0000000e+00
   0.0000000e+00   0.0000000e+00   0.0000000e+00   0.0000000e+00   0.0000000e+00   0.0000000e+00   0.0000000e+00   0.0000000e+00   0.0000000e+00   0.0000000e+00   0.0000000e+00   0.0000000e+00   0.0000000e+00   0.0000000e+00   0.0000000e+00   0.0000000e+00   0.0000000e+00   0.0000000e+00   0.0000000e+00   0.0000000e+00   0.0000000e+00   0.0000000e+00   0.0000000e+00   0.0000000e+00   0.0000000e+00
   0.0000000e+00   0.0000000e+00   0.0000000e+00   0.0000000e+00   0.0000000e+00   1.9999999e-04   0.0000000e+00   0.0000000e+00   0.0000000e+00   0.0000000e+00   0.0000000e+00   0.0000000e+00   8.0200002e-02   0.0000000e+00   0.0000000e+00   0.0000000e+00   0.0000000e+00   0.0000000e+00   0.0000000e+00   0.0000000e+00   2.6000000e-03   0.0000000e+00   0.0000000e+00   0.0000000e+00   0.0000000e+00
   6.4800000e-01   0.0000000e+00   0.0000000e+00   0.0000000e+00   0.0000000e+00   0.0000000e+00   3.9999999e-04   0.0000000e+00   0.0000000e+00   0.0000000e+00   0.0000000e+00   0.0000000e+00   0.0000000e+00   0.0000000e+00   0.0000000e+00   0.0000000e+00   0.0000000e+00   0.0000000e+00   0.0000000e+00   0.0000000e+00   0.0000000e+00   0.0000000e+00   0.0000000e+00   0.0000000e+00   0.0000000e+00
   0.0000000e+00   6.2000002e-03   0.0000000e+00   0.0000000e+00   1.3600000e-02   0.0000000e+00   0.0000000e+00   0.0000000e+00   0.0000000e+00   0.0000000e+00   8.0200002e-02   0.0000000e+00   0.0000000e+00   0.0000000e+00   0.0000000e+00   0.0000000e+00   0.0000000e+00   0.0000000e+00   0.0000000e+00   0.0000000e+00   1.9999999e-04   9.7999997e-02   0.0000000e+00   0.0000000e+00   0.0000000e+00
   0.0000000e+00   6.0000003e-04   0.0000000e+00   1.3699999e-01   0.0000000e+00   4.4000000e-03   0.0000000e+00   0.0000000e+00   0.0000000e+00   0.0000000e+00   0.0000000e+00   0.0000000e+00   0.0000000e+00   0.0000000e+00   0.0000000e+00   0.0000000e+00   0.0000000e+00   2.6000000e-03   0.0000000e+00   0.0000000e+00   3.3199999e-02   0.0000000e+00   0.0000000e+00   0.0000000e+00   1.5000000e-02
   0.0000000e+00   2.0000001e-03   0.0000000e+00   0.0000000e+00   0.0000000e+00   0.0000000e+00   2.9139999e-01   0.0000000e+00   0.0000000e+00   0.0000000e+00   0.0000000e+00   0.0000000e+00   0.0000000e+00   0.0000000e+00   0.0000000e+00   9.2000000e-02   0.0000000e+00   0.0000000e+00   0.0000000e+00   8.3200000e-02   0.0000000e+00   0.0000000e+00   0.0000000e+00   0.0000000e+00   0.0000000e+00
   0.0000000e+00   1.0780000e-01   0.0000000e+00   0.0000000e+00   0.0000000e+00   0.0000000e+00   9.5300001e-01   0.0000000e+00   1.0660000e-01   0.0000000e+00   0.0000000e+00   0.0000000e+00   0.0000000e+00   0.0000000e+00   0.0000000e+00   0.0000000e+00   0.0000000e+00   3.9999999e-04   0.0000000e+00   0.0000000e+00   0.0000000e+00   0.0000000e+00   0.0000000e+00   0.0000000e+00   0.0000000e+00
   0.0000000e+00   0.0000000e+00   0.0000000e+00   0.0000000e+00   0.0000000e+00   0.0000000e+00   0.0000000e+00   0.0000000e+00   0.0000000e+00   0.0000000e+00   0.0000000e+00   0.0000000e+00   0.0000000e+00   0.0000000e+00   0.0000000e+00   0.0000000e+00   0.0000000e+00   0.0000000e+00   2.0240000e-01   8.6400002e-02   4.8000002e-03   0.0000000e+00   0.0000000e+00   0.0000000e+00   1.4000000e-03
   0.0000000e+00   0.0000000e+00   0.0000000e+00   0.0000000e+00   0.0000000e+00   0.0000000e+00   0.0000000e+00   9.0000004e-02   1.4680000e-01   0.0000000e+00   0.0000000e+00   0.0000000e+00   0.0000000e+00   0.0000000e+00   0.0000000e+00   0.0000000e+00   0.0000000e+00   0.0000000e+00   1.3800000e-02   0.0000000e+00   0.0000000e+00   0.0000000e+00   5.9680003e-01   0.0000000e+00   0.0000000e+00
   0.0000000e+00   0.0000000e+00   0.0000000e+00   2.0000001e-03   0.0000000e+00   0.0000000e+00   0.0000000e+00   1.9820000e-01   0.0000000e+00   0.0000000e+00   0.0000000e+00   0.0000000e+00   0.0000000e+00   0.0000000e+00   0.0000000e+00   0.0000000e+00   2.0240000e-01   0.0000000e+00   0.0000000e+00   3.0019999e-01   1.5700001e-01   0.0000000e+00   2.3200000e-02   0.0000000e+00   1.9999999e-04
   0.0000000e+00   0.0000000e+00   0.0000000e+00   0.0000000e+00   1.9999999e-04   0.0000000e+00   0.0000000e+00   0.0000000e+00   0.0000000e+00   0.0000000e+00   0.0000000e+00   0.0000000e+00   0.0000000e+00   0.0000000e+00   0.0000000e+00   0.0000000e+00   8.6400002e-02   0.0000000e+00   3.0019999e-01   0.0000000e+00   8.3819997e-01   0.0000000e+00   8.0000004e-03   0.0000000e+00   1.0400000e-02
   0.0000000e+00   3.9799999e-02   0.0000000e+00   0.0000000e+00   0.0000000e+00   2.3000000e-02   0.0000000e+00   4.6000001e-03   1.0000000e-03   0.0000000e+00   2.6000000e-03   0.0000000e+00   1.9999999e-04   0.0000000e+00   0.0000000e+00   0.0000000e+00   4.8000002e-03   0.0000000e+00   1.5700001e-01   8.3819997e-01   0.0000000e+00   0.0000000e+00   1.5060000e-01   0.0000000e+00   0.0000000e+00
   0.0000000e+00   0.0000000e+00   0.0000000e+00   0.0000000e+00   0.0000000e+00   0.0000000e+00   0.0000000e+00   1.9999999e-04   0.0000000e+00   0.0000000e+00   0.0000000e+00   0.0000000e+00   0.0000000e+00   0.0000000e+00   0.0000000e+00   0.0000000e+00   0.0000000e+00   0.0000000e+00   0.0000000e+00   0.0000000e+00   0.0000000e+00   0.0000000e+00   0.0000000e+00   0.0000000e+00   1.9999999e-04
   0.0000000e+00   6.6600001e-01   0.0000000e+00   0.0000000e+00   0.0000000e+00   0.0000000e+00   2.2820000e-01   7.3460001e-01   0.0000000e+00   0.0000000e+00   0.0000000e+00   0.0000000e+00   0.0000000e+00   0.0000000e+00   0.0000000e+00   0.0000000e+00   0.0000000e+00   5.9680003e-01   2.3200000e-02   8.0000004e-03   1.5060000e-01   0.0000000e+00   0.0000000e+00   0.0000000e+00   3.5799999e-02
   0.0000000e+00   0.0000000e+00   0.0000000e+00   0.0000000e+00   4.0399998e-02   0.0000000e+00   0.0000000e+00   0.0000000e+00   0.0000000e+00   0.0000000e+00   0.0000000e+00   0.0000000e+00   0.0000000e+00   0.0000000e+00   0.0000000e+00   0.0000000e+00   0.0000000e+00   0.0000000e+00   0.0000000e+00   0.0000000e+00   0.0000000e+00   0.0000000e+00   0.0000000e+00   0.0000000e+00   0.0000000e+00
   0.0000000e+00   3.9999999e-04   0.0000000e+00   7.7200003e-02   0.0000000e+00   0.0000000e+00   0.0000000e+00   8.1540000e-01   0.0000000e+00   0.0000000e+00   0.0000000e+00   0.0000000e+00   0.0000000e+00   1.5000000e-02   0.0000000e+00   0.0000000e+00   1.4000000e-03   0.0000000e+00   1.9999999e-04   1.0400000e-02   0.0000000e+00   1.9999999e-04   3.5799999e-02   0.0000000e+00   0.0000000e+00
