   0.0000000e+00   4.9800000e-01   0.0000000e+00   0.0000000e+00   0.0000000e+00   0.0000000e+00   1.4340000e-01   0.0000000e+00   8.3200002e-01   0.0000000e+00   0.0000000e+00   0.0000000e+00   0.0000000e+00   0.0000000e+00   0.0000000e+00   0.0000000e+00   0.0000000e+00   9.7340000e-01   0.0000000e+00   0.0000000e+00   2.8240001e-01   0.0000000e+00   0.0000000e+00   0.0000000e+00   0.0000000e+00
   4.9800000e-01   0.0000000e+00   0.0000000e+00   6.6380000e-01   0.0000000e+00   0.0000000e+00   0.0000000e+00   0.0000000e+00   0.0000000e+00   0.0000000e+00   0.0000000e+00   0.0000000e+00   0.0000000e+00   0.0000000e+00   0.0000000e+00   0.0000000e+00   0.0000000e+00   1.6000000e-03   0.0000000e+00   0.0000000e+00   0.0000000e+00   0.0000000e+00   0.0000000e+00   0.0000000e+00   0.0000000e+00
   0.0000000e+00   0.0000000e+00   0.0000000e+00   1.3000000e-01   0.0000000e+00   0.0000000e+00   0.0000000e+00   0.0000000e+00   0.0000000e+00   0.0000000e+00   0.0000000e+00   0.0000000e+00   0.0000000e+00   0.0000000e+00   0.0000000e+00   0.0000000e+00   1.6000000e-03   0.0000000e+00   0.0000000e+00   0.0000000e+00   0.0000000e+00   0.0000000e+00   0.0000000e+00   0.0000000e+00   0.0000000e+00
   0.0000000e+00   6.6380000e-01   1.3000000e-01   0.0000000e+00   1.7600000e-02   1.0000000e-03   1.4920001e-01   0.0000000e+00   0.0000000e+00   1.2080000e-01   0.0000000e+00   0.0000000e+00   0.0000000e+00   1.3779999e-01   0.0000000e+00   0.0000000e+00   0.0000000e+00   8.9560002e-01   0.0000000e+00   0.0000000e+00   0.0000000e+00   0.0000000e+00   0.0000000e+00   0.0000000e+00   0.0000000e+00
   0.0000000e+00   0.0000000e+00   0.0000000e+00   0.0000000e+00   0.0000000e+00   0.0000000e+00   0.0000000e+00   0.0000000e+00   0.0000000e+00   0.0000000e+00   0.0000000e+00   0.0000000e+00   1.0200000e-02   0.0000000e+00   0.0000000e+00   0.0000000e+00   0.0000000e+00   0.0000000e+00   1.3320000e-01   0.0000000e+00   0.0000000e+00   7.5500000e-01   0.0000000e+00   0.0000000e+00   0.0000000e+00
   0.0000000e+00   0.0000000e+00   0.0000000e+00   1.0000000e-03   0.0000000e+00   0.0000000e+00   0.0000000e+00   0.0000000e+00   2.7999999e-03   0.0000000e+00   0.0000000e+00   0.0000000e+00   0.0000000e+00   2.7999999e-03   5.3399999e-02   2.1420000e-01   0.0000000e+00   0.0000000e+00   0.0000000e+00   0.0000000e+00   1.8400000e-02   1.6200000e-02   0.0000000e+00   0.0000000e+00   0.0000000e+00
   1.4340000e-01   0.0000000e+00   0.0000000e+00   1.4920001e-01   0.0000000e+00   0.0000000e+00   0.0000000e+00   0.0000000e+00   9.9500000e-01   0.0000000e+00   1.9999999e-04   0.0000000e+00   0.0000000e+00   0.0000000e+00   0.0000000e+00   0.0000000e+00   0.0000000e+00   0.0000000e+00   0.0000000e+00   0.0000000e+00   0.0000000e+00   6.1199999e-01   0.0000000e+00   0.0000000e+00   0.0000000e+00
   0.0000000e+00   0.0000000e+00   0.0000000e+00   0.0000000e+00   0.0000000e+00   0.0000000e+00   0.0000000e+00   0.0000000e+00   0.0000000e+00   0.0000000e+00   0.0000000e+00   0.0000000e+00   0.0000000e+00   0.0000000e+00   0.0000000e+00   0.0000000e+00   5.7999999e-03   0.0000000e+00   0.0000000e+00   0.0000000e+00   0.0000000e+00   0.0000000e+00   0.0000000e+00   0.0000000e+00   0.0000000e+00
   8.3200002e-01   9.9659997e-01   9.8860002e-01   0.0000000e+00   0.0000000e+00   2.7999999e-03   9.9500000e-01   0.0000000e+00   0.0000000e+00   8.7779999e-01   0.0000000e+00   0.0000000e+00   0.0000000e+00   0.0000000e+00   0.0000000e+00   1.0740000e-01   0.0000000e+00   1.4540000e-01   0.0000000e+00   0.0000000e+00   0.0000000e+00   1.5140000e-01   0.0000000e+00   0.0000000e+00   1.9999999e-04
   0.0000000e+00   0.0000000e+00   0.0000000e+00   1.2080000e-01   0.0000000e+00   0.0000000e+00   0.0000000e+00   0.0000000e+00   8.7779999e-01   0.0000000e+00   2.5200000e-02   0.0000000e+00   0.0000000e+00   8.0600001e-02   1.9999999e-04   0.0000000e+00   1.7600000e-02   1.6000000e-03   8.3579999e-01   0.0000000e+00   0.0000000e+00   9.9800003e-01   2.4000000e-02   0.0000000e+00   9.5819998e-01
   0.0000000e+00   0.0000000e+00   0.0000000e+00   0.0000000e+00   0.0000000e+00   0.0000000e+00   1.9999999e-04   0.0000000e+00   0.0000000e+00   2.5200000e-02   0.0000000e+00   0.0000000e+00   0.0000000e+00   0.0000000e+00   0.0000000e+00   0.0000000e+00   0.0000000e+00   8.8000000e-01   0.0000000e+00   2.1040000e-01   0.0000000e+00   0.0000000e+00   2.6000000e-03   0.0000000e+00   1.2000000e-02
   0.0000000e+00   0.0000000e+00   0.0000000e+00   0.0000000e+00   0.0000000e+00   0.0000000e+00   0.0000000e+00   0.0000000e+00   0.0000000e+00   0.0000000e+00   0.0000000e+00   0.0000000e+00   0.0000000e+00   0.0000000e+00   0.0000000e+00   0.0000000e+00   0.0000000e+00   1.9999999e-04   0.0000000e+00   0.0000000e+00   1.6000000e-03   0.0000000e+00   0.0000000e+00   4.9999999e-03   0.0000000e+00
   0.0000000e+00   0.0000000e+00   0.0000000e+00   0.0000000e+00   0.0000000e+00   0.0000000e+00   0.0000000e+00   0.0000000e+00   0.0000000e+00   0.0000000e+00   0.0000000e+00   0.0000000e+00   0.0000000e+00   0.0000000e+00   0.0000000e+00   0.0000000e+00   0.0000000e+00   0.0000000e+00   4.8000002e-03   0.0000000e+00   0.0000000e+00   0.0000000e+00   0.0000000e+00   0.0000000e+00   0.0000000e+00
   0.0000000e+00   0.0000000e+00   0.0000000e+00   0.0000000e+00   0.0000000e+00   0.0000000e+00   0.0000000e+00   6.6000000e-03   0.0000000e+00   8.0600001e-02   0.0000000e+00   0.0000000e+00   0.0000000e+00   0.0000000e+00   0.0000000e+00   0.0000000e+00   0.0000000e+00   0.0000000e+00   0.0000000e+00   0.0000000e+00   0.0000000e+00   0.0000000e+00   0.0000000e+00   0.0000000e+00   0.0000000e+00
   0.0000000e+00   0.0000000e+00   0.0000000e+00   0.0000000e+00   0.0000000e+00   5.3399999e-02   0.0000000e+00   0.0000000e+00   0.0000000e+00   1.9999999e-04   0.0000000e+00   0.0000000e+00   0.0000000e+00   0.0000000e+00   0.0000000e+00   0.0000000e+00   0.0000000e+00   0.0000000e+00   0.0000000e+00   0.0000000e+00   0.0000000e+00   0.0000000e+00   0.0000000e+00   0.0000000e+00   0.0000000e+00
   0.0000000e+00   0.0000000e+00   0.0000000e+00   0.0000000e+00   0.0000000e+00   2.1420000e-01   0.0000000e+00   0.0000000e+00   0.0000000e+00   0.0000000e+00   0.0000000e+00   0.0000000e+00   0.0000000e+00   0.0000000e+00   9.4400004e-02   0.0000000e+00   0.0000000e+00   0.0000000e+00   0.0000000e+00   0.0000000e+00   0.0000000e+00   0.0000000e+00   0.0000000e+00   0.0000000e+00   0.0000000e+00
   0.0000000e+00   0.0000000e+00   1.6000000e-03   0.0000000e+00   0.0000000e+00   0.0000000e+00   0.0000000e+00   5.7999999e-03   0.0000000e+00   1.7600000e-02   0.0000000e+00   0.0000000e+00   0.0000000e+00   0.0000000e+00   0.0000000e+00   0.0000000e+00   0.0000000e+00   0.0000000e+00   0.0000000e+00   0.0000000e+00   0.0000000e+00   0.0000000e+00   0.0000000e+00   1.6200000e-02   0.0000000e+00
   9.7340000e-01   1.6000000e-03   9.9999998e-03   8.9560002e-01   0.0000000e+00   0.0000000e+00   0.0000000e+00   0.0000000e+00   0.0000000e+00   1.6000000e-03   8.8000000e-01   1.9999999e-04   0.0000000e+00   2.0000001e-03   0.0000000e+00   1.9999999e-04   0.0000000e+00   0.0000000e+00   0.0000000e+00   0.0000000e+00   0.0000000e+00   1.9800000e-02   0.0000000e+00   0.0000000e+00   0.0000000e+00
   0.0000000e+00   0.0000000e+00   0.0000000e+00   0.0000000e+00   1.3320000e-01   0.0000000e+00   0.0000000e+00   0.0000000e+00   0.0000000e+00   8.3579999e-01   0.0000000e+00   0.0000000e+00   4.8000002e-03   0.0000000e+00   0.0000000e+00   0.0000000e+00   0.0000000e+00   1.1400000e-02   0.0000000e+00   0.0000000e+00   0.0000000e+00   0.0000000e+00   0.0000000e+00   0.0000000e+00   0.0000000e+00
   0.0000000e+00   0.0000000e+00   0.0000000e+00   0.0000000e+00   0.0000000e+00   0.0000000e+00   0.0000000e+00   0.0000000e+00   0.0000000e+00   0.0000000e+00   2.1040000e-01   0.0000000e+00   0.0000000e+00   0.0000000e+00   8.5199997e-02   0.0000000e+00   0.0000000e+00   0.0000000e+00   0.0000000e+00   0.0000000e+00   0.0000000e+00   0.0000000e+00   0.0000000e+00   0.0000000e+00   0.0000000e+00
   2.8240001e-01   0.0000000e+00   0.0000000e+00   9.3999999e-03   0.0000000e+00   0.0000000e+00   0.0000000e+00   0.0000000e+00   0.0000000e+00   0.0000000e+00   0.0000000e+00   1.6000000e-03   0.0000000e+00   2.6000001e-02   0.0000000e+00   0.0000000e+00   0.0000000e+00   0.0000000e+00   0.0000000e+00   0.0000000e+00   0.0000000e+00   4.7200002e-02   0.0000000e+00   0.0000000e+00   0.0000000e+00
   0.0000000e+00   0.0000000e+00   0.0000000e+00   0.0000000e+00   7.5500000e-01   1.6200000e-02   6.1199999e-01   0.0000000e+00   1.5140000e-01   9.9800003e-01   0.0000000e+00   0.0000000e+00   1.0060000e-01   0.0000000e+00   0.0000000e+00   0.0000000e+00   0.0000000e+00   1.9800000e-02   0.0000000e+00   0.0000000e+00   4.7200002e-02   0.0000000e+00   0.0000000e+00   0.0000000e+00   0.0000000e+00
   0.0000000e+00   0.0000000e+00   0.0000000e+00   0.0000000e+00   0.0000000e+00   0.0000000e+00   0.0000000e+00   0.0000000e+00   0.0000000e+00   2.4000000e-02   2.6000000e-03   0.0000000e+00   0.0000000e+00   0.0000000e+00   0.0000000e+00   0.0000000e+00   0.0000000e+00   0.0000000e+00   0.0000000e+00   0.0000000e+00   0.0000000e+00   0.0000000e+00   0.0000000e+00   7.0000002e-03   0.0000000e+00
   0.0000000e+00   0.0000000e+00   9.2000002e-03   0.0000000e+00   0.0000000e+00   0.0000000e+00   0.0000000e+00   9.8000002e-01   0.0000000e+00   0.0000000e+00   0.0000000e+00   4.9999999e-03   0.0000000e+00   0.0000000e+00   0.0000000e+00   0.0000000e+00   1.6200000e-02   0.0000000e+00   0.0000000e+00   0.0000000e+00   0.0000000e+00   0.0000000e+00   7.0000002e-03   0.0000000e+00   0.0000000e+00
   0.0000000e+00   0.0000000e+00   0.0000000e+00   0.0000000e+00   0.0000000e+00   0.0000000e+00   0.0000000e+00   0.0000000e+00   1.9999999e-04   9.5819998e-01   1.2000000e-02   0.0000000e+00   0.0000000e+00   0.0000000e+00   0.0000000e+00   0.0000000e+00   0.0000000e+00   0.0000000e+00   0.0000000e+00   0.0000000e+00   0.0000000e+00   0.0000000e+00   0.0000000e+00   0.0000000e+00   0.0000000e+00
