   1.0000000e+00
   9.6641743e-01
   1.0873416e+00
   1.1131214e+00
   9.0835101e-01
   8.6410743e-01
   1.1559012e+00
   1.0668223e+00
   9.2311737e-01
   8.7342135e-01
   9.5427909e-01
   1.0761646e+00
   1.0893110e+00
   8.8204389e-01
   8.5011377e-01
   1.0175810e+00
   8.7630747e-01
   9.0946405e-01
   8.4650970e-01
   9.4274396e-01
   9.4459451e-01
   1.0590718e+00
   1.0294768e+00
   1.2513038e+00
   9.0007725e-01
   9.6641743e-01
   1.0000000e+00
   7.3763715e-01
   7.8169608e-01
   7.4962008e-01
   6.5110025e-01
   6.0716879e-01
   9.8787543e-01
   8.8957212e-01
   9.8019151e-01
   6.3926169e-01
   7.2263927e-01
   1.0769018e+00
   9.6712425e-01
   8.5567055e-01
   9.0051720e-01
   9.0288054e-01
   6.6918720e-01
   1.0283941e+00
   8.9864278e-01
   8.2913028e-01
   1.0089509e+00
   9.0352862e-01
   1.0894543e+00
   8.5659519e-01
   1.0873416e+00
   7.3763715e-01
   1.0000000e+00
   1.0423647e+00
   8.3079410e-01
   7.6942704e-01
   7.7469555e-01
   7.1124319e-01
   1.0787910e+00
   6.6800109e-01
   7.8783452e-01
   6.7787082e-01
   9.9774188e-01
   8.0763856e-01
   8.1002457e-01
   8.3277094e-01
   6.2892337e-01
   8.2514575e-01
   8.9692616e-01
   9.3864005e-01
   8.6218408e-01
   7.7521360e-01
   8.9142449e-01
   9.0926901e-01
   8.7313928e-01
   1.1131214e+00
   7.8169608e-01
   1.0423647e+00
   1.0000000e+00
   7.4256517e-01
   9.0278538e-01
   9.7562317e-01
   8.7670928e-01
   7.3557132e-01
   8.9735247e-01
   1.0404006e+00
   1.1500475e+00
   7.4836756e-01
   8.8756280e-01
   7.0808358e-01
   8.3770711e-01
   9.3245223e-01
   8.0777269e-01
   8.9995005e-01
   1.0663480e+00
   1.0473422e+00
   7.1503189e-01
   1.1797056e+00
   9.8993624e-01
   9.6816297e-01
   9.0835101e-01
   7.4962008e-01
   8.3079410e-01
   7.4256517e-01
   1.0000000e+00
   8.9751064e-01
   8.7325421e-01
   8.2670480e-01
   1.0164001e+00
   9.8721276e-01
   7.7951045e-01
   8.8713347e-01
   8.1027586e-01
   9.2092364e-01
   8.2071777e-01
   1.0629064e+00
   1.2706967e+00
   9.9618173e-01
   9.8319766e-01
   4.9709969e-01
   8.7638411e-01
   8.7107991e-01
   1.1042743e+00
   9.3715495e-01
   7.3589472e-01
   8.6410743e-01
   6.5110025e-01
   7.6942704e-01
   9.0278538e-01
   8.9751064e-01
   1.0000000e+00
   8.8813496e-01
   9.6904064e-01
   1.1675131e+00
   1.0437352e+00
   7.0405025e-01
   9.3075015e-01
   1.0388784e+00
   9.1622542e-01
   7.5813874e-01
   9.3083831e-01
   9.7600480e-01
   7.4144099e-01
   7.3141092e-01
   7.7805296e-01
   1.0554401e+00
   8.8438277e-01
   1.0861211e+00
   9.0391942e-01
   9.2154478e-01
   1.1559012e+00
   6.0716879e-01
   7.7469555e-01
   9.7562317e-01
   8.7325421e-01
   8.8813496e-01
   1.0000000e+00
   9.7185327e-01
   8.9023420e-01
   1.1193867e+00
   7.4638852e-01
   8.3431639e-01
   8.1406699e-01
   8.9994202e-01
   9.0927923e-01
   9.8062986e-01
   1.0470994e+00
   6.9096035e-01
   9.2427018e-01
   9.5333730e-01
   9.9608737e-01
   9.3198890e-01
   7.1244506e-01
   9.3845880e-01
   9.7240618e-01
   1.0668223e+00
   9.8787543e-01
   7.1124319e-01
   8.7670928e-01
   8.2670480e-01
   9.6904064e-01
   9.7185327e-01
   1.0000000e+00
   9.0746640e-01
   9.0752792e-01
   1.0002080e+00
   8.0406836e-01
   8.0305860e-01
   1.0285478e+00
   8.7378701e-01
   9.8920388e-01
   9.3994048e-01
   1.0193349e+00
   9.0609901e-01
   8.3743123e-01
   1.0470756e+00
   9.5275760e-01
   1.0328334e+00
   9.3792922e-01
   1.0191915e+00
   9.2311737e-01
   8.8957212e-01
   1.0787910e+00
   7.3557132e-01
   1.0164001e+00
   1.1675131e+00
   8.9023420e-01
   9.0746640e-01
   1.0000000e+00
   9.7759390e-01
   7.8223669e-01
   1.0173734e+00
   9.6213977e-01
   7.7832819e-01
   1.0165425e+00
   7.3530072e-01
   9.6354262e-01
   5.7240091e-01
   1.2391886e+00
   8.5496489e-01
   1.0148848e+00
   7.6847157e-01
   9.2715237e-01
   9.8344185e-01
   8.9241101e-01
   8.7342135e-01
   9.8019151e-01
   6.6800109e-01
   8.9735247e-01
   9.8721276e-01
   1.0437352e+00
   1.1193867e+00
   9.0752792e-01
   9.7759390e-01
   1.0000000e+00
   7.6984754e-01
   8.3832957e-01
   8.5128980e-01
   8.1861316e-01
   1.1803375e+00
   1.0351852e+00
   1.0341188e+00
   1.1242864e+00
   1.1058983e+00
   9.7094635e-01
   9.5279004e-01
   1.0651790e+00
   8.8167436e-01
   8.8939787e-01
   8.1326174e-01
   9.5427909e-01
   6.3926169e-01
   7.8783452e-01
   1.0404006e+00
   7.7951045e-01
   7.0405025e-01
   7.4638852e-01
   1.0002080e+00
   7.8223669e-01
   7.6984754e-01
   1.0000000e+00
   8.1930434e-01
   7.5590382e-01
   8.1898674e-01
   8.5038343e-01
   8.6861064e-01
   1.0548431e+00
   6.7917288e-01
   9.3354754e-01
   1.0325485e+00
   7.4353086e-01
   7.8378720e-01
   9.0519508e-01
   8.0518568e-01
   1.0753207e+00
   1.0761646e+00
   7.2263927e-01
   6.7787082e-01
   1.1500475e+00
   8.8713347e-01
   9.3075015e-01
   8.3431639e-01
   8.0406836e-01
   1.0173734e+00
   8.3832957e-01
   8.1930434e-01
   1.0000000e+00
   9.8674171e-01
   7.9501927e-01
   9.4347346e-01
   8.7217912e-01
   9.7886125e-01
   8.2198317e-01
   9.8339819e-01
   9.4308054e-01
   9.2770407e-01
   8.2709142e-01
   7.3620181e-01
   8.0698925e-01
   1.0892948e+00
   1.0893110e+00
   1.0769018e+00
   9.9774188e-01
   7.4836756e-01
   8.1027586e-01
   1.0388784e+00
   8.1406699e-01
   8.0305860e-01
   9.6213977e-01
   8.5128980e-01
   7.5590382e-01
   9.8674171e-01
   1.0000000e+00
   1.0252801e+00
   9.6493145e-01
   7.3212896e-01
   9.1148270e-01
   9.5559577e-01
   9.9539217e-01
   1.0046851e+00
   1.0242291e+00
   8.8233837e-01
   1.0151534e+00
   9.9838615e-01
   8.9499599e-01
   8.8204389e-01
   9.6712425e-01
   8.0763856e-01
   8.8756280e-01
   9.2092364e-01
   9.1622542e-01
   8.9994202e-01
   1.0285478e+00
   7.7832819e-01
   8.1861316e-01
   8.1898674e-01
   7.9501927e-01
   1.0252801e+00
   1.0000000e+00
   1.0381938e+00
   9.5377027e-01
   7.1037934e-01
   8.4747426e-01
   6.0104556e-01
   8.9473294e-01
   1.1607581e+00
   9.7689447e-01
   8.4906655e-01
   9.6691342e-01
   8.1174559e-01
   8.5011377e-01
   8.5567055e-01
   8.1002457e-01
   7.0808358e-01
   8.2071777e-01
   7.5813874e-01
   9.0927923e-01
   8.7378701e-01
   1.0165425e+00
   1.1803375e+00
   8.5038343e-01
   9.4347346e-01
   9.6493145e-01
   1.0381938e+00
   1.0000000e+00
   8.7014115e-01
   9.1773911e-01
   9.1845523e-01
   8.5283934e-01
   9.0854920e-01
   8.9088471e-01
   1.2004311e+00
   1.1210655e+00
   1.0056481e+00
   8.9637423e-01
   1.0175810e+00
   9.0051720e-01
   8.3277094e-01
   8.3770711e-01
   1.0629064e+00
   9.3083831e-01
   9.8062986e-01
   9.8920388e-01
   7.3530072e-01
   1.0351852e+00
   8.6861064e-01
   8.7217912e-01
   7.3212896e-01
   9.5377027e-01
   8.7014115e-01
   1.0000000e+00
   9.0397009e-01
   7.7534994e-01
   9.1700223e-01
   1.0918422e+00
   1.0095051e+00
   9.5214200e-01
   9.3137710e-01
   9.8999611e-01
   1.0368455e+00
   8.7630747e-01
   9.0288054e-01
   6.2892337e-01
   9.3245223e-01
   1.2706967e+00
   9.7600480e-01
   1.0470994e+00
   9.3994048e-01
   9.6354262e-01
   1.0341188e+00
   1.0548431e+00
   9.7886125e-01
   9.1148270e-01
   7.1037934e-01
   9.1773911e-01
   9.0397009e-01
   1.0000000e+00
   7.8612237e-01
   8.9699715e-01
   8.7552389e-01
   1.0274838e+00
   1.2549297e+00
   7.8594048e-01
   9.3504271e-01
   8.3400138e-01
   9.0946405e-01
   6.6918720e-01
   8.2514575e-01
   8.0777269e-01
   9.9618173e-01
   7.4144099e-01
   6.9096035e-01
   1.0193349e+00
   5.7240091e-01
   1.1242864e+00
   6.7917288e-01
   8.2198317e-01
   9.5559577e-01
   8.4747426e-01
   9.1845523e-01
   7.7534994e-01
   7.8612237e-01
   1.0000000e+00
   9.9813959e-01
   1.0519803e+00
   9.9447011e-01
   8.6790540e-01
   7.8777244e-01
   8.0636424e-01
   9.9558731e-01
   8.4650970e-01
   1.0283941e+00
   8.9692616e-01
   8.9995005e-01
   9.8319766e-01
   7.3141092e-01
   9.2427018e-01
   9.0609901e-01
   1.2391886e+00
   1.1058983e+00
   9.3354754e-01
   9.8339819e-01
   9.9539217e-01
   6.0104556e-01
   8.5283934e-01
   9.1700223e-01
   8.9699715e-01
   9.9813959e-01
   1.0000000e+00
   8.8504207e-01
   1.1104611e+00
   9.7467237e-01
   6.7869811e-01
   9.1916896e-01
   1.0618965e+00
   9.4274396e-01
   8.9864278e-01
   9.3864005e-01
   1.0663480e+00
   4.9709969e-01
   7.7805296e-01
   9.5333730e-01
   8.3743123e-01
   8.5496489e-01
   9.7094635e-01
   1.0325485e+00
   9.4308054e-01
   1.0046851e+00
   8.9473294e-01
   9.0854920e-01
   1.0918422e+00
   8.7552389e-01
   1.0519803e+00
   8.8504207e-01
   1.0000000e+00
   1.0335274e+00
   8.8220402e-01
   9.5201013e-01
   9.6198138e-01
   9.5973072e-01
   9.4459451e-01
   8.2913028e-01
   8.6218408e-01
   1.0473422e+00
   8.7638411e-01
   1.0554401e+00
   9.9608737e-01
   1.0470756e+00
   1.0148848e+00
   9.5279004e-01
   7.4353086e-01
   9.2770407e-01
   1.0242291e+00
   1.1607581e+00
   8.9088471e-01
   1.0095051e+00
   1.0274838e+00
   9.9447011e-01
   1.1104611e+00
   1.0335274e+00
   1.0000000e+00
   1.1565857e+00
   1.0507231e+00
   1.0429563e+00
   8.2358989e-01
   1.0590718e+00
   1.0089509e+00
   7.7521360e-01
   7.1503189e-01
   8.7107991e-01
   8.8438277e-01
   9.3198890e-01
   9.5275760e-01
   7.6847157e-01
   1.0651790e+00
   7.8378720e-01
   8.2709142e-01
   8.8233837e-01
   9.7689447e-01
   1.2004311e+00
   9.5214200e-01
   1.2549297e+00
   8.6790540e-01
   9.7467237e-01
   8.8220402e-01
   1.1565857e+00
   1.0000000e+00
   9.9414326e-01
   9.9730030e-01
   9.9670889e-01
   1.0294768e+00
   9.0352862e-01
   8.9142449e-01
   1.1797056e+00
   1.1042743e+00
   1.0861211e+00
   7.1244506e-01
   1.0328334e+00
   9.2715237e-01
   8.8167436e-01
   9.0519508e-01
   7.3620181e-01
   1.0151534e+00
   8.4906655e-01
   1.1210655e+00
   9.3137710e-01
   7.8594048e-01
   7.8777244e-01
   6.7869811e-01
   9.5201013e-01
   1.0507231e+00
   9.9414326e-01
   1.0000000e+00
   1.0226063e+00
   8.4208633e-01
   1.2513038e+00
   1.0894543e+00
   9.0926901e-01
   9.8993624e-01
   9.3715495e-01
   9.0391942e-01
   9.3845880e-01
   9.3792922e-01
   9.8344185e-01
   8.8939787e-01
   8.0518568e-01
   8.0698925e-01
   9.9838615e-01
   9.6691342e-01
   1.0056481e+00
   9.8999611e-01
   9.3504271e-01
   8.0636424e-01
   9.1916896e-01
   9.6198138e-01
   1.0429563e+00
   9.9730030e-01
   1.0226063e+00
   1.0000000e+00
   7.2590686e-01
   9.0007725e-01
   8.5659519e-01
   8.7313928e-01
   9.6816297e-01
   7.3589472e-01
   9.2154478e-01
   9.7240618e-01
   1.0191915e+00
   8.9241101e-01
   8.1326174e-01
   1.0753207e+00
   1.0892948e+00
   8.9499599e-01
   8.1174559e-01
   8.9637423e-01
   1.0368455e+00
   8.3400138e-01
   9.9558731e-01
   1.0618965e+00
   9.5973072e-01
   8.2358989e-01
   9.9670889e-01
   8.4208633e-01
   7.2590686e-01
   1.0000000e+00
