   5.7808710e-01   9.2871002e-03  -1.7463524e-01  -2.9637108e-01   2.5881383e-01   3.6597232e-01  -2.1066411e-01  -6.5002618e-02  -1.3847347e-01   1.2060590e-01  -1.0398363e-01  -1.2418651e-01   1.1998483e-01  -3.9643620e-01   2.4457996e-01   3.4470415e-01   3.1390206e-01   3.6132946e-01  -3.0158021e-01  -3.8930913e-01   3.4158638e-01   3.6891958e-01  -4.4572889e-01  -4.2102648e-01   4.0315759e-01
   1.1133903e-02   8.5734322e-01  -2.3000739e-01  -2.6826036e-01   1.5016266e-02   4.3293900e-01  -4.5991668e-01  -2.0318007e-01  -8.0776068e-02  -2.1468680e-02  -3.9355092e-01  -1.9725055e-01  -3.6892012e-01   5.5314601e-02   2.7321104e-01   3.4113347e-01  -3.2286355e-02  -2.1830199e-01   9.0313109e-02  -8.5557443e-02  -1.5933005e-01   2.5103610e-01  -1.9930860e-02  -1.3492368e-01  -3.3256582e-02
  -5.8669238e-02  -2.2837581e-01   8.9712469e-01   5.8809273e-01  -4.0576511e-01  -6.2857924e-01   4.9611940e-01   2.2612680e-01   4.6340727e-01  -3.1224503e-01   2.9279542e-01   4.0058900e-01  -1.6205922e-01   4.6354854e-01  -2.9379209e-01  -6.3943455e-01  -2.9811260e-01  -2.8579358e-01   3.4486386e-01   5.9318862e-01  -4.1462439e-01  -6.5261885e-01   4.9927050e-01   4.9336723e-01  -3.6139606e-01
  -1.6690780e-01  -1.8969230e-01   5.7588183e-01   8.3940103e-01  -4.4700876e-01  -5.2513787e-01   4.7045805e-01   1.6506461e-01   4.3997047e-01  -3.3792915e-01   2.0821857e-01   4.8492304e-01  -2.0757132e-01   4.6418224e-01  -2.5999112e-01  -5.2650157e-01  -3.3871297e-01  -2.0979183e-01   4.0887565e-01   4.9724326e-01  -3.9126910e-01  -5.7526031e-01   4.9493366e-01   4.8887124e-01  -4.0130823e-01
   2.1928736e-01  -2.0479647e-02  -4.0799264e-01  -4.3194819e-01   8.2250989e-01   2.8772770e-01  -1.6037886e-01   1.7991444e-01  -3.5565667e-01   4.5537961e-01  -1.6475043e-02  -1.9791020e-01   5.0300661e-01  -5.5511624e-01   1.4201348e-01   3.1293435e-01   4.8344388e-01   3.2074609e-01  -4.6937642e-01  -4.4396285e-01   5.0635091e-01   3.9838658e-01  -5.5095153e-01  -4.9547494e-01   4.4578486e-01
   2.2528674e-01   4.0247477e-01  -5.8112378e-01  -5.0861118e-01   2.7725310e-01   8.8906687e-01  -5.2979628e-01  -2.0674006e-01  -3.3924612e-01   1.6812475e-01  -4.1462893e-01  -4.5409125e-01  -2.7869768e-02  -3.5029100e-01   3.5709060e-01   5.9877919e-01   2.4494119e-01   1.6841614e-01  -1.8318882e-01  -5.2766246e-01   2.5289070e-01   5.9092646e-01  -4.5374405e-01  -5.0070296e-01   3.9361364e-01
  -1.4647968e-01  -4.2815836e-01   4.9553412e-01   5.3631956e-01  -2.0312286e-01  -5.9060047e-01   8.9195281e-01   1.7413576e-01   3.3969522e-01  -8.7107023e-02   4.1229525e-01   3.7844053e-01   1.0040156e-01   2.1847531e-01  -3.9170702e-01  -5.7242307e-01  -2.6236646e-01  -2.3040971e-02   1.5779611e-01   4.1193780e-01  -1.4442212e-01  -5.4011109e-01   3.2197597e-01   3.8415697e-01  -2.9911154e-01
  -3.7634985e-02  -2.5857324e-01   1.9290550e-01   1.5945175e-01   2.2428232e-01  -2.0633455e-01   1.3331714e-01   7.7533121e-01   3.5217864e-02   1.0526659e-01   7.9699427e-02   2.7491523e-01   1.6071225e-01  -6.9672547e-02  -2.4782739e-01  -3.2389743e-01   1.9583250e-01  -8.4894323e-02  -1.7924272e-01   1.4221411e-01   4.1828005e-02  -1.5606586e-01  -4.8678182e-02  -7.6371167e-02   9.9155672e-03
  -2.7526361e-02  -4.9438191e-02   4.5865785e-01   4.3136753e-01  -4.1333291e-01  -3.7323811e-01   2.9433555e-01   1.2523477e-02   7.0863940e-01  -3.3766201e-01   9.6445736e-02   4.1427654e-01  -2.7294313e-01   3.4725906e-01  -8.4433384e-02  -3.6063754e-01  -2.9813958e-01  -1.3070431e-01   3.6576096e-01   3.9223792e-01  -3.7784941e-01  -4.4072127e-01   3.3842118e-01   3.4092762e-01  -2.9636918e-01
   4.7920461e-02  -6.5092946e-02  -2.9552316e-01  -3.0917554e-01   4.2727587e-01   2.0761342e-01  -6.5313191e-02   6.9828282e-02  -3.2372867e-01   8.1050663e-01   2.0436615e-02  -2.4878036e-01   3.3201734e-01  -4.4551435e-01   1.6911594e-01   1.2518860e-01   3.6100400e-01   2.3223889e-01  -4.8697489e-01  -3.0140901e-01   4.5648206e-01   3.7209849e-01  -4.3004832e-01  -3.8024342e-01   2.8407870e-01
  -1.1631433e-01  -3.6793421e-01   3.4883366e-01   2.7953211e-01  -5.6531476e-03  -4.5162357e-01   4.1800522e-01   6.4966173e-02   1.1920193e-01   4.7905237e-02   7.6762865e-01   1.5553110e-01   2.3374331e-01   1.0680505e-01  -2.9577617e-01  -4.2292964e-01  -1.9157876e-01  -4.4024997e-02   7.6453759e-02   2.6804923e-01  -8.9637639e-02  -3.0923480e-01   2.4779627e-01   2.2084677e-01  -1.9804990e-01
  -2.8109004e-02  -1.5801936e-01   3.7251638e-01   4.3267906e-01  -1.8554519e-01  -4.5137469e-01   3.3113472e-01   2.7084106e-01   3.4312188e-01  -1.7583517e-01   9.3694965e-02   8.3177164e-01  -1.4181818e-01   1.9281998e-01  -1.6084835e-01  -4.7523498e-01  -1.7635050e-02  -2.1844726e-01   1.5552989e-01   4.3953466e-01  -1.2510637e-01  -3.9323263e-01   1.8803660e-01   1.5634696e-01  -1.8224815e-01
   3.6767215e-02  -4.0620305e-01  -7.5491844e-02  -7.7793524e-02   4.6290162e-01  -7.6085772e-02   1.8098812e-01   1.8339135e-01  -2.0378376e-01   2.9932896e-01   2.5827067e-01  -5.3002902e-02   8.5549709e-01  -3.6492761e-01  -3.5227897e-02  -1.0505538e-01   3.2308819e-01   3.6072563e-01  -4.0377344e-01  -2.3340246e-01   4.9074789e-01   1.8095723e-01  -3.0284025e-01  -2.2870455e-01   2.8688805e-01
  -3.0248209e-01  -1.3883357e-03   5.1432331e-01   5.2227424e-01  -5.7459759e-01  -4.5681051e-01   2.6171746e-01   2.9797635e-02   3.4818906e-01  -4.3987202e-01   9.6961307e-02   2.4022852e-01  -4.0486196e-01   8.8798119e-01  -2.6150736e-01  -4.1260927e-01  -5.8512568e-01  -4.7668607e-01   5.4836568e-01   5.7922739e-01  -6.8768360e-01  -6.2468073e-01   6.9049328e-01   5.9391861e-01  -5.5768423e-01
   1.7257365e-01   1.9931675e-01  -1.8436934e-01  -1.9768312e-01   7.5096672e-02   2.5729904e-01  -2.7571810e-01  -2.5210492e-01   2.0309968e-02   1.7912806e-01  -1.9635328e-01  -1.1792412e-01   5.3399695e-03  -1.2901705e-01   7.2111215e-01   3.1658130e-01   8.5377564e-02   1.3048686e-01  -6.6124047e-02  -2.8533922e-01   1.8266333e-01   2.0565647e-01  -2.0349583e-01  -2.7217795e-01   2.1748033e-01
   2.0218815e-01   3.1583565e-01  -6.0286266e-01  -5.2686684e-01   3.4050007e-01   6.1395575e-01  -5.2662672e-01  -3.2359446e-01  -3.4880327e-01   1.0790924e-01  -3.4264037e-01  -4.7778797e-01  -1.2436632e-02  -3.3509042e-01   3.8265366e-01   8.5282644e-01   2.0946782e-01   2.2478380e-01  -2.2017543e-01  -5.1963121e-01   2.6285723e-01   5.2921583e-01  -4.4520528e-01  -4.1382172e-01   3.1728119e-01
   1.8712829e-01  -6.2376913e-02  -2.9177599e-01  -3.4247568e-01   4.5491011e-01   2.3566632e-01  -2.2860058e-01   1.4971897e-01  -2.7337822e-01   3.0688851e-01  -1.5927372e-01  -2.5444736e-02   3.2177369e-01  -5.7116084e-01   1.6844164e-01   1.9919608e-01   8.4887822e-01   2.9490198e-01  -5.3198166e-01  -3.9904946e-01   4.5358404e-01   4.3156892e-01  -5.4169488e-01  -5.1568486e-01   5.1269405e-01
   2.9267727e-01  -1.5546223e-01  -3.6883733e-01  -2.5482877e-01   4.2239437e-01   3.0219354e-01  -7.7497868e-02  -2.0489135e-01  -1.9837587e-01   2.7670130e-01  -1.5032886e-02  -2.4858802e-01   3.9903728e-01  -5.1400922e-01   2.1894423e-01   3.0266204e-01   3.1722942e-01   7.9675781e-01  -4.1880216e-01  -4.8128694e-01   5.1534003e-01   3.7501218e-01  -5.0851595e-01  -4.1880313e-01   3.8555856e-01
  -1.5918914e-01   1.0608183e-01   3.5791423e-01   3.7648630e-01  -4.8772187e-01  -2.3014159e-01   1.3383682e-01  -8.5375089e-02   3.5967651e-01  -4.4632955e-01   3.5528792e-02   1.9055100e-01  -4.3429308e-01   5.6411573e-01  -1.6191548e-01  -2.2312324e-01  -5.0476432e-01  -3.6103242e-01   8.3333584e-01   4.1416586e-01  -5.8168608e-01  -4.2768315e-01   5.4160865e-01   5.0939341e-01  -4.3516343e-01
  -2.9960148e-01  -7.7104008e-02   6.1833887e-01   5.2675384e-01  -4.6262155e-01  -6.2105164e-01   3.9230897e-01   1.9350422e-01   3.9954510e-01  -3.4607077e-01   2.3363755e-01   4.7266590e-01  -3.3926705e-01   5.5930856e-01  -3.8641497e-01  -5.9962890e-01  -4.2184810e-01  -4.3875065e-01   4.2007171e-01   8.5566569e-01  -5.1687859e-01  -6.4162111e-01   6.0925108e-01   5.2566352e-01  -5.1816119e-01
   2.8791265e-01  -1.6254288e-01  -3.6987867e-01  -3.8833597e-01   5.4670805e-01   2.3118534e-01  -9.5094400e-02   3.2903083e-02  -3.7534649e-01   4.6390085e-01  -7.2878396e-02  -1.1503507e-01   5.3999711e-01  -6.6510514e-01   2.3086668e-01   1.8974792e-01   5.1387269e-01   4.6209060e-01  -5.9148317e-01  -4.4339182e-01   8.3121668e-01   4.5057844e-01  -6.0008006e-01  -5.2679175e-01   4.8340459e-01
   2.6060540e-01   1.8986486e-01  -6.3201448e-01  -6.0074950e-01   3.9075538e-01   5.9956976e-01  -4.9172478e-01  -1.9734465e-01  -4.4501940e-01   3.7922777e-01  -2.3312251e-01  -4.1742015e-01   2.9037403e-01  -6.0499062e-01   2.8390761e-01   5.2168988e-01   4.5861212e-01   3.6157452e-01  -4.5427586e-01  -6.2328133e-01   4.8290948e-01   8.6702066e-01  -6.3894350e-01  -5.6473013e-01   4.8659619e-01
  -3.2453405e-01   8.2087591e-03   5.0491717e-01   5.1846211e-01  -5.7774946e-01  -4.5877562e-01   2.9227054e-01   2.2168298e-02   4.0894136e-01  -4.5002727e-01   1.6274070e-01   2.1299538e-01  -4.0165199e-01   6.8581917e-01  -2.8073440e-01  -4.1710333e-01  -5.9225664e-01  -4.7832464e-01   5.7426559e-01   6.0096438e-01  -6.5234623e-01  -6.2471096e-01   8.8875146e-01   6.3144574e-01  -5.7759861e-01
  -2.9652017e-01  -7.4002400e-02   5.1824046e-01   5.4531804e-01  -5.4382347e-01  -5.2442899e-01   3.5362558e-01  -3.1124005e-02   3.7704491e-01  -4.4762311e-01   1.6672061e-01   2.1718702e-01  -3.3348576e-01   5.9318292e-01  -3.5551609e-01  -4.2120691e-01  -5.6572773e-01  -3.8413654e-01   5.5025293e-01   5.2170177e-01  -5.9335812e-01  -5.8589797e-01   6.3890740e-01   8.4773909e-01  -5.6822032e-01
   3.0907456e-01  -2.1094520e-02  -4.3636357e-01  -4.6797714e-01   4.6664741e-01   4.8737077e-01  -3.0834194e-01  -2.5017872e-02  -3.1557407e-01   2.7909499e-01  -2.3818231e-01  -2.3981511e-01   3.0120709e-01  -6.0520285e-01   3.2947674e-01   3.9891037e-01   5.8172685e-01   3.9851348e-01  -4.9435727e-01  -5.5883923e-01   5.4929766e-01   5.3493653e-01  -6.1279603e-01  -6.0622787e-01   7.9247786e-01
