   4.3714771e-02  -6.3718377e-02  -3.9550458e-01  -4.0055340e-01   3.9924885e-01   3.7830082e-01  -1.3290432e-01   9.4537248e-02  -3.1915028e-01   2.2384364e-01  -3.7211815e-02  -1.3557335e-01   2.6668886e-01  -4.3357218e-01   2.7149286e-01   2.6968290e-01   5.4675277e-01   5.3433098e-01  -4.4401909e-01  -4.6350833e-01   4.8326916e-01   3.5294889e-01  -5.3729933e-01  -4.1118313e-01   5.2863107e-01
   6.4277481e-02   5.9142925e-03   4.2670379e-02  -6.3375595e-02  -1.3216668e-02  -2.8707701e-02  -7.6227610e-03  -2.0015449e-01   2.2186078e-01   2.7552423e-03   8.0025860e-02  -1.0916894e-02   8.6776606e-02   9.0415736e-02  -2.6546886e-01  -4.9540288e-02  -2.4176695e-02   2.6831137e-01  -1.8844328e-01  -8.7642382e-03   5.1756854e-02   2.9294834e-02   9.5298923e-02  -4.7572722e-03  -1.8474821e-02
  -2.4185255e-02  -5.2896236e-03   2.1958917e-02   4.8973023e-02  -1.0829099e-01  -4.0538255e-02   1.3840482e-02   4.0181370e-03  -6.6142435e-02  -7.2283344e-03  -1.7177743e-01   1.2242711e-01  -1.1153798e-01   1.4355560e-01   2.2944128e-02  -8.6376981e-02  -2.4271151e-02  -3.0798635e-01   1.5082545e-01   9.9396396e-02  -2.1596543e-01  -1.5364743e-01   3.9788618e-02   1.2374117e-03   3.3577582e-02
   6.1754032e-02   1.1044430e-01   6.6815808e-02  -7.5199691e-03  -2.4800549e-01  -2.7880226e-03  -4.8295562e-02  -6.6025287e-02  -5.8624670e-02  -1.4043909e-01  -2.3981470e-01   1.3559294e-01  -3.3432191e-01   1.5694440e-01   1.0055376e-01  -3.4520405e-02  -2.8451142e-02  -3.3576265e-01   2.8719703e-01   1.0747489e-02  -1.9850748e-01  -9.8343583e-02   1.2718862e-01   5.0598983e-02   6.9555162e-02
  -1.0869905e-02   4.1643569e-02  -5.0600957e-02  -1.0814834e-01   5.3633807e-02   7.7404090e-02  -2.1787567e-02   1.1221636e-01  -7.8459346e-02   2.0691674e-01   2.4174155e-03  -1.7972656e-03   1.0306497e-01  -2.7052704e-02   8.5757838e-02   3.0386842e-02   1.3624190e-01   5.2622309e-02   3.6536473e-02  -7.3982157e-02   4.7588114e-02   2.4796765e-02  -2.3447584e-03   2.7361096e-02   1.1830334e-01
   3.8986062e-02  -1.0368473e-01   5.3683534e-02  -1.9887806e-02   6.8325753e-02  -2.1920405e-02   1.4944811e-01   6.2673161e-02   8.3468830e-02  -4.3451928e-02   1.7631582e-01  -1.1641432e-01   1.6034893e-01  -1.3325520e-02  -1.2525555e-01  -2.0393677e-02   8.0005779e-02   3.7726659e-01  -2.0549792e-01  -4.9926295e-02   2.2896435e-01   8.3279310e-02  -3.4926642e-02   2.3140737e-02   1.3567754e-02
   3.8208770e-02   8.5496592e-03   4.9536666e-02   1.3559699e-01  -9.7404524e-02  -4.6544938e-02   2.3643944e-02   1.2338125e-01   1.8472595e-02   3.5772351e-02  -9.4796400e-02   1.6635825e-01  -1.6095636e-01  -1.8330492e-07   5.5786039e-02  -4.1067538e-02  -4.9536241e-03  -3.3340531e-01   1.7914999e-01   1.3214669e-01  -1.6834949e-01  -7.6583144e-02   1.7179494e-02   9.3880286e-04   3.6748757e-03
   2.0536723e-01  -1.0845567e-01  -2.5735473e-01  -2.5585452e-01   1.7729802e-01   1.8431615e-01  -1.4446271e-01   3.0077430e-02  -2.4210801e-01   2.2200170e-01  -1.7095800e-01  -2.3900711e-02   2.3754626e-01  -4.6281910e-01   1.1024001e-01   1.2825496e-01   3.1918366e-01   2.3345642e-01  -2.2193932e-01  -3.1768587e-01   3.2001871e-01   1.3042598e-01  -3.0649163e-01  -3.2163529e-01   4.2561312e-01
   3.3204410e-02   1.5573240e-01   8.3473790e-02   8.1204994e-03  -2.2713923e-01  -1.3067156e-01   2.6825357e-02   5.1737366e-02  -1.6070862e-02  -1.7509468e-01  -2.4484767e-01   1.8979883e-01  -2.8430945e-01   2.5573097e-01   4.9362997e-02  -1.4528317e-01  -1.7729377e-02  -3.0046122e-01   2.3641950e-01   1.4065910e-01  -2.4004039e-01  -2.2865306e-01   1.0014944e-02   4.1126047e-02  -4.5310696e-02
  -9.5052173e-02  -1.6885429e-01  -1.3864669e-01  -1.9878823e-01   2.7115742e-01   1.4058955e-01   5.8389358e-02  -3.0048767e-02  -2.5185373e-01   9.8142219e-02  -7.3239868e-02  -2.1446757e-01   2.5632402e-01  -4.1247565e-01   1.0531276e-01   2.9585043e-02   4.7252838e-01   3.7152502e-01  -3.8918530e-01  -2.0846866e-01   3.7849566e-01   1.6207331e-01  -2.4914408e-01  -2.2588626e-01   4.4355035e-01
  -5.6504410e-02   1.1936744e-01  -9.6649778e-02  -6.3781711e-02  -6.5557477e-02   1.4264578e-01  -6.8148311e-02  -1.5509950e-02  -3.5340191e-01   6.7157071e-02  -7.9349134e-02  -5.3892362e-02  -1.4647663e-01  -8.9842168e-02   1.0550173e-01   1.0239904e-01   1.4670593e-01  -2.4895938e-01   9.7144784e-02  -1.2543845e-01   7.5449694e-03   1.5907728e-02  -7.5968032e-02  -1.6978943e-01   1.8091340e-01
   1.9966815e-01   7.8022149e-02  -1.4136643e-02  -1.0395578e-01   2.3831683e-03   3.4751219e-02  -9.0212871e-02   2.7859128e-02  -6.5512515e-02   1.1669898e-01  -2.2775796e-01   9.0701698e-02  -9.7759732e-02   1.9412196e-02   1.6880800e-01  -3.0038956e-02   1.0664129e-01  -2.0228422e-01   1.0593788e-01  -2.7472729e-02  -6.8698313e-03  -9.8135061e-02  -1.3246083e-01  -1.8646481e-01   2.8591640e-01
  -8.4786086e-02  -1.1910435e-01  -7.8137194e-02  -9.0120072e-02   1.8309717e-01   6.1674841e-02   4.3328900e-02   2.6012213e-01  -2.6458169e-01   9.1152553e-02  -1.5019724e-01  -4.0242381e-02   6.1237926e-02  -2.4539939e-01   2.2900138e-01   3.7933337e-03   3.5038580e-01   1.2412182e-02  -9.4969694e-02  -4.8929876e-02   1.7580722e-01   6.7459342e-02  -1.4736114e-01  -9.8843108e-02   2.1371673e-01
  -5.9621409e-02   1.3933240e-01   1.1353658e-01   1.5882090e-01  -1.9148814e-01  -5.9279042e-02  -4.2657817e-02  -1.6642657e-01   9.2923318e-02  -8.6564279e-02  -9.6872362e-02   1.0298963e-01  -2.4625411e-01   1.8637864e-01  -1.8450332e-01  -7.6975890e-02  -2.1281776e-01  -3.7259748e-01   1.6912170e-01   1.6125427e-01  -2.8431531e-01  -1.1808322e-01   1.5534860e-01   3.8984668e-02  -2.4452911e-01
   1.8478418e-01  -1.9148662e-01   1.7976701e-01   1.1520383e-01   1.7841867e-02  -2.1001287e-01   2.4543125e-01   1.0598609e-01   2.7800818e-01   9.5869020e-02   2.5989514e-01   1.0867651e-01   1.9549463e-01  -3.4380021e-03   2.8367343e-02  -2.5758491e-01  -1.4361356e-02   3.1155766e-01  -1.3192188e-01   5.8271807e-02   2.2078159e-01  -4.6360675e-02   9.9271036e-03  -4.8326830e-02   4.8192579e-03
  -7.5386661e-02  -2.0618068e-02  -1.3830188e-03  -3.9804126e-02   1.4056893e-01   2.1820060e-02   7.8624536e-02   1.6692285e-02  -3.9324086e-02  -1.5236521e-01   2.2160335e-01  -1.8131654e-01   1.0739277e-01   4.9423483e-02  -1.3307943e-01  -3.0595339e-02  -2.9783884e-02   3.8589799e-01  -1.5701616e-01   1.3072342e-02   1.1942870e-01   3.4312143e-02  -5.3169384e-03   1.1063692e-01  -1.1070221e-01
   3.6593768e-02  -9.8975055e-02  -1.2811341e-01  -1.0908816e-01   2.1725166e-01   1.1386340e-01  -1.0998662e-02   6.9222219e-02  -6.1377192e-02   1.9567283e-01   1.2424910e-01  -1.1486959e-01   3.0742852e-01  -2.9037042e-01   9.8243030e-02   1.8980708e-02   1.4412518e-01   3.9392206e-01  -1.8559163e-01  -1.6918909e-01   2.0599812e-01   6.0080380e-02  -2.3168931e-01  -1.1003761e-01   1.9482997e-01
   1.9462692e-01   1.8106019e-01  -3.6599013e-01  -2.4282015e-01   3.8854243e-01   4.8525392e-01  -3.0870246e-01   6.1860095e-03  -3.2437991e-01   1.3987058e-01  -1.2180265e-01  -3.2411219e-01   2.8268286e-02  -2.8567661e-01   5.0857129e-01   4.9510184e-01   2.4343440e-01   1.3874820e-01  -9.2439003e-02  -3.4449607e-01   1.3265286e-01   3.8573459e-01  -4.4453193e-01  -4.2656107e-01   1.7172666e-01
   1.3172796e-02  -8.9290883e-02   2.3265657e-01   1.8215624e-01  -2.4203417e-01  -2.7648084e-01   1.9183219e-01  -1.5270627e-02   2.3609137e-01  -1.6997367e-01   8.3720228e-03   2.5303900e-01  -1.5559921e-01   2.5689196e-01  -2.7427984e-01  -2.4198624e-01  -9.2752232e-02  -1.7940536e-01   3.2051363e-02   2.1076408e-01  -1.2976659e-01  -1.6203198e-01   2.3385830e-01   1.7871618e-01  -1.9516000e-01
  -1.7727721e-01   3.3988882e-03   1.3475072e-01   8.1487043e-02  -2.7267256e-01  -2.7275924e-01   1.1794953e-01  -3.6185139e-02   1.6577993e-02  -1.3155782e-01  -9.7282805e-02   9.8618095e-02  -1.8028634e-01   2.6486484e-01  -1.5518893e-01  -2.6372262e-01  -1.7572454e-01  -3.4843244e-01   2.4543917e-01   1.8061506e-01  -3.1174571e-01  -2.2750253e-01   2.8304803e-01   1.8451666e-01  -1.1172534e-01
   2.0723675e-01  -3.4150756e-02  -2.3885189e-01  -2.4901974e-01   3.1719580e-01   2.5762212e-01  -9.2493464e-02   1.1609441e-01  -2.3649482e-01   3.0724566e-01   2.8230349e-02  -1.9153897e-01   2.8290064e-01  -3.4079937e-01   2.8737961e-01   1.6469677e-01   2.3922999e-01   2.1939377e-01  -1.5738920e-01  -2.1588347e-01   2.2661538e-01   1.6753941e-01  -3.4242049e-01  -3.0239414e-01   1.9668359e-01
   5.9868233e-03   4.3738255e-02  -1.4055986e-01  -1.3537872e-01   3.2569332e-02   1.7189874e-01  -3.3666076e-02  -1.2880278e-01  -8.3253779e-02  -8.2053561e-02   8.5501888e-02  -2.5780575e-01   6.5638559e-02  -6.6797593e-02   4.6983330e-02   1.3014820e-01  -2.9799234e-02   4.3426231e-01  -6.7023087e-02  -1.3053416e-01   6.3873644e-02   4.0437806e-02  -2.8383531e-02   6.3958217e-02   8.3253919e-02
  -1.4935634e-01   1.2347631e-01   1.2837748e-01   1.8351611e-01  -1.8847683e-01  -8.2244767e-02   1.8808059e-02  -7.2115226e-02   1.5952833e-01  -1.5264740e-01  -2.0319753e-01   6.5737399e-02  -2.8898770e-01   2.4307006e-01  -1.7906842e-01  -4.3501412e-02  -1.9853309e-01  -3.8819296e-01   2.1792685e-01   2.9599160e-01  -3.2397109e-01  -7.2815823e-02   2.2107049e-01   9.6497377e-02  -2.3106886e-01
  -1.5241240e-01   2.3264811e-01   2.0214832e-02   6.4005969e-02  -1.3554455e-01   8.9708774e-02  -1.4990772e-01  -1.6925440e-01  -7.3413128e-02  -1.5353984e-01  -2.9074573e-01  -3.7319152e-02  -3.2733455e-01   1.3275648e-01  -1.2630336e-01   1.2736124e-01  -1.3853666e-01  -4.9260868e-01   1.7466461e-01   1.4382739e-01  -3.4127340e-01   1.1143481e-02   4.3638966e-02   7.3132355e-02  -2.2542372e-01
   2.6943865e-01   8.4551261e-02  -2.4183040e-01  -1.6301001e-01   3.1536875e-01   2.9492861e-01  -1.4673154e-01   1.1827860e-01  -9.7984393e-02   1.8253944e-01  -1.0334038e-01  -5.2000370e-02   1.3384455e-01  -3.1237356e-01   3.1175277e-01   2.6414052e-01   2.7906663e-01   3.1077225e-01  -2.6274490e-01  -2.1586887e-01   2.8851997e-01   2.5808004e-01  -3.5682118e-01  -3.1555456e-01   2.6660480e-01
