   5.5622972e-01   4.1146289e-02   2.3117050e-02  -9.6094384e-02   5.9189403e-02   1.7682191e-01  -1.4421195e-01  -1.1227124e-01   2.1101669e-02   8.6840774e-03  -8.5377727e-02  -5.6399837e-02  -1.3359597e-02  -1.7965012e-01   1.0883353e-01   2.0986270e-01   4.0525678e-02   9.4163975e-02  -7.9570669e-02  -1.5755497e-01   9.9951795e-02   1.9244513e-01  -1.7707923e-01  -2.1543492e-01   1.3884206e-01
  -2.1004838e-02   8.5438608e-01  -2.5134258e-01  -2.3657256e-01   2.1624601e-02   4.4729285e-01  -4.5610530e-01  -1.0310283e-01  -1.9170646e-01  -2.2846301e-02  -4.3356385e-01  -1.9179210e-01  -4.1230843e-01   1.0106733e-02   4.0594547e-01   3.6590361e-01  -2.0198008e-02  -3.5245767e-01   1.8453475e-01  -8.1175324e-02  -1.8520848e-01   2.3638868e-01  -6.7580322e-02  -1.3254505e-01  -2.4019171e-02
  -4.6576611e-02  -2.2573100e-01   8.8614523e-01   5.6360622e-01  -3.5161962e-01  -6.0831011e-01   4.8919916e-01   2.2411773e-01   4.9647849e-01  -3.0863086e-01   3.7868413e-01   3.3937544e-01  -1.0629023e-01   3.9177074e-01  -3.0526415e-01  -5.9624606e-01  -2.8597702e-01  -1.3180040e-01   2.6945114e-01   5.4349042e-01  -3.0664167e-01  -5.7579513e-01   4.7937619e-01   4.9274852e-01  -3.7818485e-01
  -1.9778481e-01  -2.4491445e-01   5.4247393e-01   8.4316101e-01  -3.2300601e-01  -5.2374386e-01   4.9460583e-01   1.9807726e-01   4.6928280e-01  -2.6770960e-01   3.2812593e-01   4.1712656e-01  -4.0410364e-02   3.8571004e-01  -3.1026800e-01  -5.0924136e-01  -3.2448739e-01  -4.1910506e-02   2.6527714e-01   4.9186952e-01  -2.9201536e-01  -5.2608852e-01   4.3133935e-01   4.6357174e-01  -4.3608581e-01
   2.2472231e-01  -4.1301432e-02  -3.8269216e-01  -3.7787402e-01   7.9569298e-01   2.4902565e-01  -1.4948508e-01   1.2380626e-01  -3.1642699e-01   3.5192123e-01  -1.7683751e-02  -1.9701157e-01   4.5147412e-01  -5.4158989e-01   9.9134558e-02   2.9774093e-01   4.1532292e-01   2.9443493e-01  -4.8764466e-01  -4.0697177e-01   4.8255685e-01   3.8598820e-01  -5.4977915e-01  -5.0915549e-01   3.8663319e-01
   2.0579371e-01   4.5431713e-01  -6.0796555e-01  -4.9866728e-01   2.4309022e-01   9.0002708e-01  -6.0452034e-01  -2.3807664e-01  -3.8098054e-01   1.8985071e-01  -5.0278684e-01  -3.9588409e-01  -1.0804423e-01  -3.4362825e-01   4.1971837e-01   6.0897603e-01   2.0493830e-01  -2.0217156e-02  -8.0439858e-02  -5.0269931e-01   1.3840853e-01   5.4928680e-01  -4.3628073e-01  -5.1227333e-01   3.8682976e-01
  -1.6558407e-01  -4.3243319e-01   4.7076579e-01   4.6852106e-01  -1.5442060e-01  -5.6732801e-01   8.8013084e-01   1.1244513e-01   3.3045892e-01  -1.0499320e-01   4.5969345e-01   2.9526140e-01   1.8087974e-01   2.1847541e-01  -4.1960004e-01  -5.5188931e-01  -2.5988965e-01   1.4366169e-01   6.8221120e-02   3.4586445e-01  -6.0247375e-02  -5.0181952e-01   3.1338623e-01   3.8368757e-01  -3.0094898e-01
  -1.4031860e-01  -2.0434541e-01   3.2158286e-01   2.8737901e-01   1.3563331e-01  -2.9849262e-01   2.0554849e-01   7.6029250e-01   1.5627187e-01  -5.7342612e-03   1.6517842e-01   2.8686558e-01   4.1939124e-02   1.6173700e-01  -3.0294739e-01  -3.8802491e-01   3.6240673e-02  -2.0162253e-01  -6.8273063e-02   3.0105704e-01  -1.1818135e-01  -2.2127885e-01   1.0456764e-01   8.4446478e-02  -2.0289099e-01
  -4.4128566e-02  -1.2730439e-01   4.1692096e-01   4.2730728e-01  -2.9976329e-01  -3.0790233e-01   2.8092287e-01  -1.3345206e-02   7.1667483e-01  -2.5011467e-01   2.1886957e-01   3.1937712e-01  -1.3078840e-01   2.1939357e-01  -1.0911488e-01  -2.8799595e-01  -2.8927489e-01   1.9526295e-02   2.4755121e-01   3.2190837e-01  -2.5782922e-01  -3.2639474e-01   3.3341371e-01   3.2036459e-01  -2.7371383e-01
   9.5446548e-02   1.9334199e-02  -2.2619982e-01  -2.0978142e-01   2.9169716e-01   1.3731864e-01  -9.4507870e-02   8.4852665e-02  -1.9780181e-01   7.6143552e-01   5.7056548e-02  -1.4154657e-01   2.0385533e-01  -2.3927653e-01   1.1645956e-01   1.1039608e-01   1.2473980e-01   4.6476383e-02  -2.9238224e-01  -1.9717468e-01   2.6723423e-01   2.9106183e-01  -3.0547628e-01  -2.6730029e-01   6.2303520e-02
  -8.8062129e-02  -4.2761793e-01   3.9715855e-01   3.1142297e-01   2.7125591e-02  -5.2294646e-01   4.5207937e-01   7.2721149e-02   2.9590289e-01   1.4326702e-02   8.0730321e-01   1.8247728e-01   3.0698163e-01   1.5172614e-01  -3.4852704e-01  -4.7412916e-01  -2.6493172e-01   8.0454691e-02   2.7881367e-02   3.3076846e-01  -9.3410124e-02  -3.1718866e-01   2.8578028e-01   3.0574148e-01  -2.8850660e-01
  -1.2794308e-01  -1.9703043e-01   3.7958470e-01   4.8465695e-01  -1.8673678e-01  -4.6875030e-01   3.7624115e-01   2.5691149e-01   3.7587813e-01  -2.3418466e-01   2.0757395e-01   7.8642079e-01  -9.2938310e-02   1.8311388e-01  -2.4525235e-01  -4.6021551e-01  -7.0955694e-02  -1.1730515e-01   1.0256095e-01   4.5327102e-01  -1.2167145e-01  -3.4416509e-01   2.5426701e-01   2.4957936e-01  -3.2520635e-01
   7.9160258e-02  -3.4665087e-01  -3.6423247e-02  -3.2733488e-02   3.7135304e-01  -1.0692319e-01   1.5932367e-01   5.3330289e-02  -7.1492908e-02   2.5375269e-01   3.3336929e-01  -3.2881712e-02   8.2487813e-01  -2.4222791e-01  -1.4972859e-01  -1.0695205e-01   1.4789530e-01   3.5451954e-01  -3.5628859e-01  -2.0893752e-01   4.0284428e-01   1.4722755e-01  -2.2915968e-01  -1.7928300e-01   1.8002969e-01
  -2.7267139e-01  -7.1054536e-02   4.5755502e-01   4.4286379e-01  -4.7885352e-01  -4.2717099e-01   2.8304637e-01   1.1301092e-01   3.0172740e-01  -3.9658988e-01   1.4539749e-01   1.8873370e-01  -2.8173491e-01   7.9479187e-01  -1.6925570e-01  -3.7412132e-01  -4.7871680e-01  -2.9038733e-01   4.6380483e-01   4.9860025e-01  -5.4552594e-01  -5.6563912e-01   6.1281898e-01   5.7442628e-01  -4.3541968e-01
   8.0181565e-02   2.9506006e-01  -2.7425284e-01  -2.5528503e-01   6.6175738e-02   3.6230547e-01  -3.9843373e-01  -3.0509797e-01  -1.1869412e-01   1.3119355e-01  -3.2630085e-01  -1.7226238e-01  -9.2407346e-02  -1.2729804e-01   7.0692847e-01   4.4537375e-01   9.2558242e-02  -2.5291972e-02  -1.6310612e-04  -3.1447513e-01   7.2272538e-02   2.2883680e-01  -2.0845939e-01  -2.4801453e-01   2.1507070e-01
   2.3988148e-01   3.2614469e-01  -6.0217115e-01  -5.0696478e-01   2.7021561e-01   6.0304572e-01  -5.6593898e-01  -3.3194060e-01  -3.2914123e-01   1.8409184e-01  -4.5344204e-01  -3.8712970e-01  -6.6133018e-02  -3.5980216e-01   4.4919338e-01   8.6812411e-01   2.2435976e-01   3.1834804e-02  -1.4166734e-01  -5.2616738e-01   2.0314289e-01   5.1205976e-01  -4.4254681e-01  -4.6914018e-01   3.7263230e-01
   1.6883140e-01  -1.2889386e-02  -2.2771928e-01  -2.8793160e-01   3.4628428e-01   1.7873462e-01  -2.2310125e-01   1.1510786e-01  -2.4268962e-01   2.0905210e-01  -2.2139828e-01   3.1990061e-02   1.6805944e-01  -4.2597563e-01   1.1932012e-01   1.8970573e-01   7.7681563e-01   9.7940943e-02  -4.3918585e-01  -3.1445491e-01   3.5058498e-01   4.0152873e-01  -4.2585023e-01  -4.6066605e-01   4.1527907e-01
   1.9536381e-01  -2.4599233e-01  -1.8584227e-01  -1.3341869e-01   2.2812316e-01   5.9566579e-02   7.6853362e-02  -2.0798435e-01  -3.6185913e-02   2.0676601e-01   4.5868441e-02  -8.6531928e-02   3.8490313e-01  -3.7117092e-01  -3.5341414e-02   5.5111119e-02   1.9551222e-01   7.2738371e-01  -3.7258265e-01  -3.0903891e-01   4.4901360e-01   1.8214488e-01  -2.8624999e-01  -2.0552259e-01   2.9969523e-01
  -1.6577554e-01   1.5072727e-01   2.4158595e-01   2.8540818e-01  -3.6670479e-01  -9.1901168e-02   3.7920725e-02  -7.7739776e-02   2.4163083e-01  -3.6134271e-01   3.1342780e-02   6.4031497e-02  -3.5649348e-01   4.3566975e-01  -2.4775561e-02  -1.0213012e-01  -4.5838821e-01  -2.7132974e-01   8.1731016e-01   3.0878382e-01  -5.1680279e-01  -3.4666716e-01   4.2467950e-01   4.2003533e-01  -3.3758343e-01
  -2.1096288e-01  -7.8803452e-02   5.5096351e-01   4.8601032e-01  -3.2628527e-01  -4.8467203e-01   3.3333421e-01   2.1159679e-01   3.9125611e-01  -2.8029187e-01   2.8227896e-01   4.2335685e-01  -2.4912388e-01   4.2687614e-01  -3.0882051e-01  -4.6776759e-01  -3.3398583e-01  -2.6453443e-01   2.9735213e-01   7.6535816e-01  -3.6100573e-01  -5.2786985e-01   4.6772706e-01   4.3340519e-01  -4.6229852e-01
   1.8429427e-01  -1.4546750e-01  -2.5045273e-01  -2.6382610e-01   3.8811015e-01   1.0237428e-01  -4.8847668e-02  -2.5144120e-02  -2.5709907e-01   3.1027802e-01  -8.6993570e-02  -1.9265587e-02   3.9854679e-01  -4.9470545e-01   8.7176878e-02   1.0739953e-01   3.9425770e-01   3.5239371e-01  -5.1278857e-01  -3.3545009e-01   7.1790899e-01   3.6680873e-01  -4.2886982e-01  -3.7559468e-01   3.8506279e-01
   2.5761198e-01   1.6799573e-01  -5.6173455e-01  -5.3306014e-01   3.7447072e-01   5.1362039e-01  -4.7489174e-01  -1.3294326e-01  -4.0339251e-01   4.2025455e-01  -2.7587345e-01  -2.8851727e-01   2.5755475e-01  -5.7159183e-01   2.6041594e-01   4.5661579e-01   4.7351174e-01   1.4444337e-01  -4.2076431e-01  -5.5801425e-01   4.5097266e-01   8.4680176e-01  -6.2475174e-01  -5.9670923e-01   4.4496923e-01
  -2.4985588e-01  -5.3529394e-02   4.4072843e-01   4.2670405e-01  -4.8351105e-01  -4.1765324e-01   2.8286651e-01   5.8225911e-02   3.2917719e-01  -3.7370357e-01   2.6433947e-01   1.8012668e-01  -2.5715814e-01   5.6428414e-01  -1.9120018e-01  -3.9535262e-01  -4.9299009e-01  -2.8422816e-01   4.6530216e-01   4.5296858e-01  -4.9036069e-01  -5.8830305e-01   7.7821621e-01   5.8319705e-01  -4.6206418e-01
  -2.2031397e-01  -1.9032646e-01   5.0813304e-01   5.1331505e-01  -4.7605120e-01  -5.6928338e-01   4.2857944e-01   5.3503194e-02   4.1375147e-01  -3.7085319e-01   3.1209348e-01   2.3584660e-01  -1.6981848e-01   5.2680468e-01  -2.9236441e-01  -4.8488753e-01  -4.9645940e-01  -1.3783220e-01   4.6292062e-01   4.4978808e-01  -4.2272142e-01  -5.9146971e-01   6.1708792e-01   8.1117291e-01  -4.5550846e-01
   1.7435523e-01  -6.3370150e-02  -3.1544837e-01  -3.8647213e-01   3.0896303e-01   3.3990646e-01  -2.3497617e-01  -8.4157171e-02  -2.6658187e-01   1.8782527e-01  -1.8651212e-01  -2.1381492e-01   2.3428481e-01  -4.4901608e-01   1.7360035e-01   2.6684011e-01   4.4219354e-01   2.4312735e-01  -3.6298482e-01  -4.5090480e-01   4.0503767e-01   4.0589651e-01  -4.3438545e-01  -4.4845059e-01   6.5917546e-01
