   5.3437233e-01   7.3005477e-02   2.2086934e-01   1.0418232e-01  -1.4043502e-01  -1.2328494e-02  -7.7759791e-02  -1.5953987e-01   1.8067681e-01  -1.0323774e-01  -6.6771820e-02   1.1386838e-02  -1.4670402e-01   3.7135972e-02  -2.6912900e-02   7.5021255e-02  -2.3285071e-01  -1.7300152e-01   1.4243887e-01   7.4199194e-02  -1.4168279e-01   1.5970684e-02   9.1570438e-02  -9.8433511e-03  -1.2547348e-01
  -5.3143578e-02   8.5142893e-01  -2.7267777e-01  -2.0488476e-01   2.8232935e-02   4.6164670e-01  -4.5229392e-01  -3.0255830e-03  -3.0263685e-01  -2.4223922e-02  -4.7357678e-01  -1.8633366e-01  -4.5569673e-01  -3.5101135e-02   5.3867990e-01   3.9067376e-01  -8.1096599e-03  -4.8661336e-01   2.7875639e-01  -7.6793205e-02  -2.1108691e-01   2.2174126e-01  -1.1522978e-01  -1.3016641e-01  -1.4781760e-02
  -3.4483983e-02  -2.2308619e-01   8.7516577e-01   5.3911970e-01  -2.9747412e-01  -5.8804098e-01   4.8227892e-01   2.2210866e-01   5.2954971e-01  -3.0501670e-01   4.6457284e-01   2.7816189e-01  -5.0521238e-02   3.1999294e-01  -3.1673621e-01  -5.5305757e-01  -2.7384145e-01   2.2192772e-02   1.9403841e-01   4.9379222e-01  -1.9865896e-01  -4.9897142e-01   4.5948188e-01   4.9212982e-01  -3.9497365e-01
  -2.2866183e-01  -3.0013660e-01   5.0906603e-01   8.4692100e-01  -1.9900327e-01  -5.2234985e-01   5.1875361e-01   2.3108990e-01   4.9859514e-01  -1.9749005e-01   4.4803328e-01   3.4933009e-01   1.2675059e-01   3.0723785e-01  -3.6054488e-01  -4.9198116e-01  -3.1026182e-01   1.2597082e-01   1.2167862e-01   4.8649577e-01  -1.9276162e-01  -4.7691673e-01   3.6774504e-01   4.3827225e-01  -4.7086339e-01
   2.3015726e-01  -6.2123216e-02  -3.5739168e-01  -3.2379985e-01   7.6887608e-01   2.1032361e-01  -1.3859129e-01   6.7698083e-02  -2.7719732e-01   2.4846286e-01  -1.8892458e-02  -1.9611293e-01   3.9994164e-01  -5.2806354e-01   5.6255640e-02   2.8254751e-01   3.4720197e-01   2.6812378e-01  -5.0591290e-01  -3.6998069e-01   4.5876280e-01   3.7358982e-01  -5.4860677e-01  -5.2283604e-01   3.2748152e-01
   1.8630068e-01   5.0615950e-01  -6.3480732e-01  -4.8872338e-01   2.0892734e-01   9.1098728e-01  -6.7924439e-01  -2.6941322e-01  -4.2271495e-01   2.1157668e-01  -5.9094475e-01  -3.3767693e-01  -1.8821869e-01  -3.3696549e-01   4.8234615e-01   6.1917286e-01   1.6493541e-01  -2.0885045e-01   2.2309103e-02  -4.7773616e-01   2.3926353e-02   5.0764715e-01  -4.1881741e-01  -5.2384370e-01   3.8004588e-01
  -1.8468845e-01  -4.3670802e-01   4.4599745e-01   4.0072257e-01  -1.0571834e-01  -5.4405554e-01   8.6830887e-01   5.0754508e-02   3.2122262e-01  -1.2287937e-01   5.0709165e-01   2.1208228e-01   2.6135792e-01   2.1847550e-01  -4.4749306e-01  -5.3135554e-01  -2.5741284e-01   3.1036434e-01  -2.1353875e-02   2.7979111e-01   2.3927372e-02  -4.6352795e-01   3.0479648e-01   3.8321817e-01  -3.0278642e-01
  -2.4300222e-01  -1.5011757e-01   4.5026023e-01   4.1530627e-01   4.6984301e-02  -3.9065070e-01   2.7777984e-01   7.4525378e-01   2.7732588e-01  -1.1673511e-01   2.5065742e-01   2.9881594e-01  -7.6834005e-02   3.9314656e-01  -3.5806740e-01  -4.5215239e-01  -1.2335116e-01  -3.1835074e-01   4.2696600e-02   4.5989997e-01  -2.7819071e-01  -2.8649184e-01   2.5781345e-01   2.4526412e-01  -4.1569756e-01
  -6.0730771e-02  -2.0517059e-01   3.7518406e-01   4.2324703e-01  -1.8619368e-01  -2.4256654e-01   2.6751019e-01  -3.9213889e-02   7.2471026e-01  -1.6256733e-01   3.4129341e-01   2.2447771e-01   1.1366322e-02   9.1528081e-02  -1.3379638e-01  -2.1535436e-01  -2.8041021e-01   1.6975690e-01   1.2934146e-01   2.5157882e-01  -1.3780902e-01  -2.1206821e-01   3.2840624e-01   2.9980157e-01  -2.5105848e-01
   1.4297263e-01   1.0376134e-01  -1.5687647e-01  -1.1038731e-01   1.5611845e-01   6.7023867e-02  -1.2370255e-01   9.9877048e-02  -7.1874943e-02   7.1236441e-01   9.3676482e-02  -3.4312788e-02   7.5693321e-02  -3.3038703e-02   6.3803178e-02   9.5603556e-02  -1.1152439e-01  -1.3928613e-01  -9.7789592e-02  -9.2940351e-02   7.7986396e-02   2.1002518e-01  -1.8090424e-01  -1.5435716e-01  -1.5947166e-01
  -5.9809923e-02  -4.8730165e-01   4.4548344e-01   3.4331382e-01   5.9904329e-02  -5.9426935e-01   4.8615353e-01   8.0476124e-02   4.7260384e-01  -1.9251834e-02   8.4697778e-01   2.0942346e-01   3.8021994e-01   1.9664722e-01  -4.0127791e-01  -5.2532868e-01  -3.3828468e-01   2.0493438e-01  -2.0691025e-02   3.9348769e-01  -9.7182608e-02  -3.2514252e-01   3.2376430e-01   3.9063620e-01  -3.7896330e-01
  -2.2777716e-01  -2.3604151e-01   3.8665303e-01   5.3663484e-01  -1.8792836e-01  -4.8612590e-01   4.2134759e-01   2.4298193e-01   4.0863439e-01  -2.9253415e-01   3.2145293e-01   7.4106995e-01  -4.4058444e-02   1.7340778e-01  -3.2965635e-01  -4.4519603e-01  -1.2427634e-01  -1.6163040e-02   4.9592011e-02   4.6700739e-01  -1.1823654e-01  -2.9509756e-01   3.2049743e-01   3.4281176e-01  -4.6816455e-01
   1.2155330e-01  -2.8709870e-01   2.6453494e-03   1.2326548e-02   2.7980445e-01  -1.3776061e-01   1.3765922e-01  -7.6730775e-02   6.0797939e-02   2.0817641e-01   4.0846791e-01  -1.2760522e-02   7.9425916e-01  -1.1952822e-01  -2.6422928e-01  -1.0884871e-01  -2.7297602e-02   3.4831345e-01  -3.0880375e-01  -1.8447258e-01   3.1494067e-01   1.1349788e-01  -1.5547911e-01  -1.2986145e-01   7.3171320e-02
  -2.4286068e-01  -1.4072074e-01   4.0078673e-01   3.6345333e-01  -3.8310945e-01  -3.9753147e-01   3.0437528e-01   1.9622420e-01   2.5526574e-01  -3.5330774e-01   1.9383367e-01   1.3723889e-01  -1.5860785e-01   7.0160255e-01  -7.7004034e-02  -3.3563338e-01  -3.7230792e-01  -1.0408859e-01   3.7924398e-01   4.1797311e-01  -4.0336828e-01  -5.0659750e-01   5.3514468e-01   5.5493394e-01  -3.1315512e-01
  -1.2210524e-02   3.9080337e-01  -3.6413634e-01  -3.1288695e-01   5.7254804e-02   4.6731191e-01  -5.2114936e-01  -3.5809101e-01  -2.5769822e-01   8.3259039e-02  -4.5624842e-01  -2.2660064e-01  -1.9015466e-01  -1.2557904e-01   6.9274480e-01   5.7416620e-01   9.9738920e-02  -1.8107080e-01   6.5797835e-02  -3.4361103e-01  -3.8118257e-02   2.5201714e-01  -2.1342294e-01  -2.2385112e-01   2.1266107e-01
   2.7757481e-01   3.3645372e-01  -6.0147964e-01  -4.8706272e-01   1.9993114e-01   5.9213569e-01  -6.0525125e-01  -3.4028674e-01  -3.0947919e-01   2.6027444e-01  -5.6424372e-01  -2.9647143e-01  -1.1982941e-01  -3.8451390e-01   5.1573310e-01   8.8342178e-01   2.3925170e-01  -1.6111419e-01  -6.3159263e-02  -5.3270355e-01   1.4342854e-01   4.9490369e-01  -4.3988834e-01  -5.2445864e-01   4.2798340e-01
   1.5053452e-01   3.6598142e-02  -1.6366258e-01  -2.3338752e-01   2.3765845e-01   1.2180291e-01  -2.1760192e-01   8.0496751e-02  -2.1200103e-01   1.1121568e-01  -2.8352283e-01   8.9424858e-02   1.4345176e-02  -2.8079042e-01   7.0198608e-02   1.8021538e-01   7.0475304e-01  -9.9020089e-02  -3.4639003e-01  -2.2986037e-01   2.4758592e-01   3.7148854e-01  -3.1000557e-01  -4.0564725e-01   3.1786409e-01
   9.8050346e-02  -3.3652242e-01  -2.8472064e-03  -1.2008620e-02   3.3851944e-02  -1.8306038e-01   2.3120459e-01  -2.1107736e-01   1.2600404e-01   1.3683071e-01   1.0676977e-01   7.5524165e-02   3.7076899e-01  -2.2833262e-01  -2.8962706e-01  -1.9243980e-01   7.3795023e-02   6.5800961e-01  -3.2636315e-01  -1.3679087e-01   3.8268717e-01  -1.0722409e-02  -6.3984022e-02   7.7579415e-03   2.1383190e-01
  -1.7236194e-01   1.9537271e-01   1.2525766e-01   1.9433006e-01  -2.4568770e-01   4.6339249e-02  -5.7995371e-02  -7.0104463e-02   1.2358514e-01  -2.7635588e-01   2.7156769e-02  -6.2488004e-02  -2.7869387e-01   3.0722377e-01   1.1236436e-01   1.8863002e-02  -4.1201209e-01  -1.8162706e-01   8.0128448e-01   2.0340178e-01  -4.5191949e-01  -2.6565117e-01   3.0775035e-01   3.3067724e-01  -2.4000343e-01
  -1.2232428e-01  -8.0502896e-02   4.8358815e-01   4.4526680e-01  -1.8994899e-01  -3.4829241e-01   2.7435944e-01   2.2968936e-01   3.8296711e-01  -2.1451296e-01   3.3092036e-01   3.7404780e-01  -1.5898070e-01   2.9444372e-01  -2.3122605e-01  -3.3590628e-01  -2.4612356e-01  -9.0318205e-02   1.7463255e-01   6.7505063e-01  -2.0513288e-01  -4.1411858e-01   3.2620304e-01   3.4114686e-01  -4.0643585e-01
   8.0675901e-02  -1.2839212e-01  -1.3102678e-01  -1.3931623e-01   2.2951225e-01  -2.6436774e-02  -2.6009361e-03  -8.3191323e-02  -1.3885166e-01   1.5665519e-01  -1.0110874e-01   7.6503896e-02   2.5709647e-01  -3.2430577e-01  -5.6512927e-02   2.5051152e-02   2.7464270e-01   2.4269683e-01  -4.3409397e-01  -2.2750835e-01   6.0460130e-01   2.8303902e-01  -2.5765957e-01  -2.2439761e-01   2.8672100e-01
   2.5461857e-01   1.4612660e-01  -4.9145462e-01  -4.6537078e-01   3.5818605e-01   4.2767102e-01  -4.5805870e-01  -6.8541870e-02  -3.6176562e-01   4.6128133e-01  -3.1862440e-01  -1.5961439e-01   2.2473547e-01  -5.3819303e-01   2.3692428e-01   3.9154169e-01   4.8841135e-01  -7.2687790e-02  -3.8725277e-01  -4.9274717e-01   4.1903583e-01   8.2658285e-01  -6.1055997e-01  -6.2868834e-01   4.0334227e-01
  -1.7517771e-01  -1.1526755e-01   3.7653969e-01   3.3494600e-01  -3.8927263e-01  -3.7653085e-01   2.7346249e-01   9.4283523e-02   2.4941303e-01  -2.9737987e-01   3.6593824e-01   1.4725798e-01  -1.1266429e-01   4.4274911e-01  -1.0166597e-01  -3.7360191e-01  -3.9372355e-01  -9.0131682e-02   3.5633873e-01   3.0497278e-01  -3.2837514e-01  -5.5189514e-01   6.6768097e-01   5.3494836e-01  -3.4652975e-01
  -1.4410776e-01  -3.0665051e-01   4.9802563e-01   4.8131207e-01  -4.0827893e-01  -6.1413777e-01   5.0353330e-01   1.3813039e-01   4.5045803e-01  -2.9408327e-01   4.5746634e-01   2.5450618e-01  -6.1512081e-03   4.6042644e-01  -2.2921273e-01  -5.4856815e-01  -4.2719107e-01   1.0847215e-01   3.7558832e-01   3.7787438e-01  -2.5208472e-01  -5.9704145e-01   5.9526844e-01   7.7460673e-01  -3.4279660e-01
   3.9635909e-02  -1.0564578e-01  -1.9453317e-01  -3.0496713e-01   1.5127866e-01   1.9244216e-01  -1.6161040e-01  -1.4329647e-01  -2.1758967e-01   9.6555552e-02  -1.3484193e-01  -1.8781474e-01   1.6736254e-01  -2.9282930e-01   1.7723969e-02   1.3476985e-01   3.0266022e-01   8.7741231e-02  -2.3161237e-01  -3.4297036e-01   2.6077768e-01   2.7685649e-01  -2.5597486e-01  -2.9067331e-01   5.2587306e-01
