   0.0000000e+00   0.0000000e+00   5.7020003e-01   0.0000000e+00   0.0000000e+00   4.7420001e-01   0.0000000e+00   0.0000000e+00   0.0000000e+00   0.0000000e+00   0.0000000e+00   0.0000000e+00   2.2920001e-01   0.0000000e+00   0.0000000e+00   3.9999999e-04   0.0000000e+00   0.0000000e+00   6.4599998e-02   0.0000000e+00   0.0000000e+00   0.0000000e+00   0.0000000e+00   0.0000000e+00   0.0000000e+00
   0.0000000e+00   0.0000000e+00   0.0000000e+00   0.0000000e+00   0.0000000e+00   0.0000000e+00   5.8939999e-01   0.0000000e+00   0.0000000e+00   0.0000000e+00   0.0000000e+00   0.0000000e+00   1.0420000e-01   0.0000000e+00   1.1800000e-02   0.0000000e+00   0.0000000e+00   8.1999999e-01   0.0000000e+00   0.0000000e+00   0.0000000e+00   0.0000000e+00   1.0000000e-03   0.0000000e+00   0.0000000e+00
   5.7020003e-01   0.0000000e+00   0.0000000e+00   0.0000000e+00   0.0000000e+00   6.2660003e-01   0.0000000e+00   4.0180001e-01   0.0000000e+00   1.8080001e-01   0.0000000e+00   0.0000000e+00   7.3399998e-02   0.0000000e+00   0.0000000e+00   0.0000000e+00   0.0000000e+00   0.0000000e+00   0.0000000e+00   0.0000000e+00   3.7799999e-02   0.0000000e+00   0.0000000e+00   1.0820000e-01   0.0000000e+00
   0.0000000e+00   0.0000000e+00   0.0000000e+00   0.0000000e+00   0.0000000e+00   0.0000000e+00   0.0000000e+00   5.5239999e-01   0.0000000e+00   0.0000000e+00   0.0000000e+00   0.0000000e+00   0.0000000e+00   0.0000000e+00   0.0000000e+00   0.0000000e+00   0.0000000e+00   0.0000000e+00   0.0000000e+00   0.0000000e+00   0.0000000e+00   0.0000000e+00   0.0000000e+00   0.0000000e+00   4.0800001e-02
   0.0000000e+00   0.0000000e+00   0.0000000e+00   0.0000000e+00   0.0000000e+00   0.0000000e+00   0.0000000e+00   0.0000000e+00   0.0000000e+00   0.0000000e+00   0.0000000e+00   0.0000000e+00   0.0000000e+00   0.0000000e+00   3.9799999e-02   0.0000000e+00   0.0000000e+00   0.0000000e+00   0.0000000e+00   0.0000000e+00   3.2519999e-01   0.0000000e+00   0.0000000e+00   0.0000000e+00   0.0000000e+00
   4.7420001e-01   0.0000000e+00   6.2660003e-01   0.0000000e+00   0.0000000e+00   0.0000000e+00   0.0000000e+00   0.0000000e+00   0.0000000e+00   1.9999999e-04   0.0000000e+00   0.0000000e+00   0.0000000e+00   1.2520000e-01   0.0000000e+00   0.0000000e+00   6.8699998e-01   0.0000000e+00   0.0000000e+00   2.0199999e-02   0.0000000e+00   1.6740000e-01   0.0000000e+00   7.5379997e-01   4.0220001e-01
   0.0000000e+00   5.8939999e-01   0.0000000e+00   0.0000000e+00   0.0000000e+00   0.0000000e+00   0.0000000e+00   0.0000000e+00   0.0000000e+00   0.0000000e+00   0.0000000e+00   2.7999999e-03   3.7819999e-01   0.0000000e+00   0.0000000e+00   0.0000000e+00   0.0000000e+00   9.6319997e-01   1.9999999e-04   0.0000000e+00   0.0000000e+00   0.0000000e+00   0.0000000e+00   4.6999998e-02   1.9999999e-04
   0.0000000e+00   0.0000000e+00   4.0180001e-01   5.5239999e-01   0.0000000e+00   0.0000000e+00   0.0000000e+00   0.0000000e+00   8.2199998e-02   0.0000000e+00   0.0000000e+00   0.0000000e+00   0.0000000e+00   0.0000000e+00   0.0000000e+00   0.0000000e+00   0.0000000e+00   0.0000000e+00   0.0000000e+00   0.0000000e+00   0.0000000e+00   0.0000000e+00   0.0000000e+00   0.0000000e+00   0.0000000e+00
   0.0000000e+00   0.0000000e+00   0.0000000e+00   0.0000000e+00   0.0000000e+00   0.0000000e+00   0.0000000e+00   8.2199998e-02   0.0000000e+00   0.0000000e+00   7.4980003e-01   0.0000000e+00   0.0000000e+00   7.9800002e-02   0.0000000e+00   0.0000000e+00   0.0000000e+00   0.0000000e+00   1.9999999e-04   0.0000000e+00   0.0000000e+00   0.0000000e+00   0.0000000e+00   0.0000000e+00   0.0000000e+00
   0.0000000e+00   0.0000000e+00   1.8080001e-01   0.0000000e+00   0.0000000e+00   1.9999999e-04   0.0000000e+00   0.0000000e+00   0.0000000e+00   0.0000000e+00   0.0000000e+00   4.8980001e-01   5.9579998e-01   0.0000000e+00   0.0000000e+00   0.0000000e+00   0.0000000e+00   0.0000000e+00   0.0000000e+00   0.0000000e+00   0.0000000e+00   0.0000000e+00   0.0000000e+00   0.0000000e+00   0.0000000e+00
   0.0000000e+00   0.0000000e+00   0.0000000e+00   0.0000000e+00   0.0000000e+00   0.0000000e+00   0.0000000e+00   0.0000000e+00   7.4980003e-01   0.0000000e+00   0.0000000e+00   0.0000000e+00   0.0000000e+00   0.0000000e+00   0.0000000e+00   0.0000000e+00   0.0000000e+00   0.0000000e+00   0.0000000e+00   0.0000000e+00   0.0000000e+00   0.0000000e+00   0.0000000e+00   0.0000000e+00   2.4599999e-02
   0.0000000e+00   0.0000000e+00   0.0000000e+00   0.0000000e+00   0.0000000e+00   0.0000000e+00   2.7999999e-03   0.0000000e+00   0.0000000e+00   4.8980001e-01   0.0000000e+00   0.0000000e+00   0.0000000e+00   1.4120001e-01   0.0000000e+00   0.0000000e+00   0.0000000e+00   0.0000000e+00   0.0000000e+00   2.2040001e-01   2.3200000e-02   0.0000000e+00   3.1619999e-01   9.7640002e-01   0.0000000e+00
   2.2920001e-01   1.0420000e-01   7.3399998e-02   0.0000000e+00   0.0000000e+00   0.0000000e+00   3.7819999e-01   0.0000000e+00   0.0000000e+00   5.9579998e-01   0.0000000e+00   0.0000000e+00   0.0000000e+00   0.0000000e+00   0.0000000e+00   0.0000000e+00   0.0000000e+00   0.0000000e+00   0.0000000e+00   0.0000000e+00   0.0000000e+00   0.0000000e+00   0.0000000e+00   0.0000000e+00   0.0000000e+00
   0.0000000e+00   0.0000000e+00   0.0000000e+00   0.0000000e+00   0.0000000e+00   1.2520000e-01   0.0000000e+00   0.0000000e+00   7.9800002e-02   0.0000000e+00   0.0000000e+00   1.4120001e-01   0.0000000e+00   0.0000000e+00   0.0000000e+00   0.0000000e+00   0.0000000e+00   0.0000000e+00   0.0000000e+00   0.0000000e+00   0.0000000e+00   0.0000000e+00   0.0000000e+00   0.0000000e+00   0.0000000e+00
   0.0000000e+00   1.1800000e-02   0.0000000e+00   0.0000000e+00   3.9799999e-02   0.0000000e+00   0.0000000e+00   0.0000000e+00   0.0000000e+00   0.0000000e+00   0.0000000e+00   0.0000000e+00   0.0000000e+00   0.0000000e+00   0.0000000e+00   0.0000000e+00   0.0000000e+00   0.0000000e+00   0.0000000e+00   0.0000000e+00   0.0000000e+00   0.0000000e+00   0.0000000e+00   0.0000000e+00   0.0000000e+00
   3.9999999e-04   0.0000000e+00   0.0000000e+00   0.0000000e+00   0.0000000e+00   0.0000000e+00   0.0000000e+00   0.0000000e+00   0.0000000e+00   0.0000000e+00   0.0000000e+00   0.0000000e+00   0.0000000e+00   0.0000000e+00   0.0000000e+00   0.0000000e+00   0.0000000e+00   2.6920000e-01   0.0000000e+00   0.0000000e+00   0.0000000e+00   4.8000002e-03   6.0000001e-03   0.0000000e+00   0.0000000e+00
   0.0000000e+00   0.0000000e+00   0.0000000e+00   0.0000000e+00   0.0000000e+00   6.8699998e-01   0.0000000e+00   0.0000000e+00   0.0000000e+00   0.0000000e+00   0.0000000e+00   0.0000000e+00   0.0000000e+00   0.0000000e+00   0.0000000e+00   0.0000000e+00   0.0000000e+00   0.0000000e+00   0.0000000e+00   0.0000000e+00   0.0000000e+00   0.0000000e+00   0.0000000e+00   0.0000000e+00   2.1680000e-01
   0.0000000e+00   8.1999999e-01   0.0000000e+00   0.0000000e+00   0.0000000e+00   0.0000000e+00   9.6319997e-01   0.0000000e+00   0.0000000e+00   0.0000000e+00   0.0000000e+00   0.0000000e+00   0.0000000e+00   0.0000000e+00   0.0000000e+00   2.6920000e-01   0.0000000e+00   0.0000000e+00   6.0000003e-04   0.0000000e+00   0.0000000e+00   2.1600001e-02   8.2200003e-01   0.0000000e+00   0.0000000e+00
   6.4599998e-02   0.0000000e+00   0.0000000e+00   0.0000000e+00   0.0000000e+00   0.0000000e+00   1.9999999e-04   0.0000000e+00   1.9999999e-04   0.0000000e+00   0.0000000e+00   0.0000000e+00   0.0000000e+00   0.0000000e+00   0.0000000e+00   0.0000000e+00   0.0000000e+00   6.0000003e-04   0.0000000e+00   0.0000000e+00   0.0000000e+00   0.0000000e+00   1.4000000e-03   0.0000000e+00   0.0000000e+00
   0.0000000e+00   0.0000000e+00   0.0000000e+00   0.0000000e+00   0.0000000e+00   2.0199999e-02   0.0000000e+00   0.0000000e+00   0.0000000e+00   0.0000000e+00   0.0000000e+00   2.2040001e-01   0.0000000e+00   0.0000000e+00   0.0000000e+00   0.0000000e+00   0.0000000e+00   0.0000000e+00   0.0000000e+00   0.0000000e+00   0.0000000e+00   0.0000000e+00   0.0000000e+00   0.0000000e+00   0.0000000e+00
   0.0000000e+00   0.0000000e+00   3.7799999e-02   0.0000000e+00   3.2519999e-01   0.0000000e+00   0.0000000e+00   0.0000000e+00   0.0000000e+00   0.0000000e+00   0.0000000e+00   2.3200000e-02   0.0000000e+00   0.0000000e+00   0.0000000e+00   0.0000000e+00   0.0000000e+00   0.0000000e+00   0.0000000e+00   0.0000000e+00   0.0000000e+00   0.0000000e+00   0.0000000e+00   0.0000000e+00   0.0000000e+00
   0.0000000e+00   0.0000000e+00   0.0000000e+00   0.0000000e+00   0.0000000e+00   1.6740000e-01   0.0000000e+00   0.0000000e+00   0.0000000e+00   0.0000000e+00   0.0000000e+00   0.0000000e+00   0.0000000e+00   0.0000000e+00   0.0000000e+00   4.8000002e-03   0.0000000e+00   2.1600001e-02   0.0000000e+00   0.0000000e+00   0.0000000e+00   0.0000000e+00   4.8000002e-03   1.6560000e-01   0.0000000e+00
   0.0000000e+00   1.0000000e-03   0.0000000e+00   0.0000000e+00   0.0000000e+00   0.0000000e+00   0.0000000e+00   0.0000000e+00   0.0000000e+00   0.0000000e+00   0.0000000e+00   3.1619999e-01   0.0000000e+00   0.0000000e+00   0.0000000e+00   6.0000001e-03   0.0000000e+00   8.2200003e-01   1.4000000e-03   0.0000000e+00   0.0000000e+00   4.8000002e-03   0.0000000e+00   0.0000000e+00   0.0000000e+00
   0.0000000e+00   0.0000000e+00   1.0820000e-01   0.0000000e+00   0.0000000e+00   7.5379997e-01   4.6999998e-02   0.0000000e+00   0.0000000e+00   0.0000000e+00   0.0000000e+00   9.7640002e-01   0.0000000e+00   0.0000000e+00   0.0000000e+00   0.0000000e+00   0.0000000e+00   0.0000000e+00   0.0000000e+00   0.0000000e+00   0.0000000e+00   1.6560000e-01   0.0000000e+00   0.0000000e+00   1.0600000e-02
   0.0000000e+00   0.0000000e+00   0.0000000e+00   4.0800001e-02   0.0000000e+00   4.0220001e-01   1.9999999e-04   0.0000000e+00   0.0000000e+00   0.0000000e+00   2.4599999e-02   0.0000000e+00   0.0000000e+00   0.0000000e+00   0.0000000e+00   0.0000000e+00   2.1680000e-01   0.0000000e+00   0.0000000e+00   0.0000000e+00   0.0000000e+00   0.0000000e+00   0.0000000e+00   1.0600000e-02   0.0000000e+00
