   4.2191290e-01   9.9071290e-01   1.1746352e+00   1.2963711e+00   7.4118617e-01   6.3402768e-01   1.2106641e+00   1.0650026e+00   1.1384735e+00   8.7939410e-01   1.1039836e+00   1.1241865e+00   8.8001517e-01   1.3964362e+00   7.5542004e-01   6.5529585e-01   6.8609794e-01   6.3867054e-01   1.3015802e+00   1.3893091e+00   6.5841362e-01   6.3108042e-01   1.4457289e+00   1.4210265e+00   5.9684241e-01
   9.8886610e-01   1.4265678e-01   1.2300074e+00   1.2682604e+00   9.8498373e-01   5.6706100e-01   1.4599167e+00   1.2031801e+00   1.0807761e+00   1.0214687e+00   1.3935509e+00   1.1972506e+00   1.3689201e+00   9.4468540e-01   7.2678896e-01   6.5886653e-01   1.0322864e+00   1.2183020e+00   9.0968689e-01   1.0855574e+00   1.1593301e+00   7.4896390e-01   1.0199309e+00   1.1349237e+00   1.0332566e+00
   1.0586692e+00   1.2283758e+00   1.0287531e-01   4.1190727e-01   1.4057651e+00   1.6285792e+00   5.0388060e-01   7.7387320e-01   5.3659273e-01   1.3122450e+00   7.0720458e-01   5.9941100e-01   1.1620592e+00   5.3645146e-01   1.2937921e+00   1.6394345e+00   1.2981126e+00   1.2857936e+00   6.5513614e-01   4.0681138e-01   1.4146244e+00   1.6526188e+00   5.0072950e-01   5.0663277e-01   1.3613961e+00
   1.1669078e+00   1.1896923e+00   4.2411817e-01   1.6059897e-01   1.4470088e+00   1.5251379e+00   5.2954195e-01   8.3493539e-01   5.6002953e-01   1.3379291e+00   7.9178143e-01   5.1507696e-01   1.2075713e+00   5.3581776e-01   1.2599911e+00   1.5265016e+00   1.3387130e+00   1.2097918e+00   5.9112435e-01   5.0275674e-01   1.3912691e+00   1.5752603e+00   5.0506634e-01   5.1112876e-01   1.4013082e+00
   7.8071264e-01   1.0204796e+00   1.4079926e+00   1.4319482e+00   1.7749011e-01   7.1227230e-01   1.1603789e+00   8.2008556e-01   1.3556567e+00   5.4462039e-01   1.0164750e+00   1.1979102e+00   4.9699339e-01   1.5551162e+00   8.5798652e-01   6.8706565e-01   5.1655612e-01   6.7925391e-01   1.4693764e+00   1.4439628e+00   4.9364909e-01   6.0161342e-01   1.5509515e+00   1.4954749e+00   5.5421514e-01
   7.7471326e-01   5.9752523e-01   1.5811238e+00   1.5086112e+00   7.2274690e-01   1.1093313e-01   1.5297963e+00   1.2067401e+00   1.3392461e+00   8.3187525e-01   1.4146289e+00   1.4540913e+00   1.0278698e+00   1.3502910e+00   6.4290940e-01   4.0122081e-01   7.5505881e-01   8.3158386e-01   1.1831888e+00   1.5276625e+00   7.4710930e-01   4.0907354e-01   1.4537441e+00   1.5007030e+00   6.0638636e-01
   1.1464797e+00   1.4281584e+00   5.0446588e-01   4.6368044e-01   1.2031229e+00   1.5906005e+00   1.0804719e-01   8.2586424e-01   6.6030478e-01   1.0871070e+00   5.8770475e-01   6.2155947e-01   8.9959844e-01   7.8152469e-01   1.3917070e+00   1.5724231e+00   1.2623665e+00   1.0230410e+00   8.4220389e-01   5.8806220e-01   1.1444221e+00   1.5401111e+00   6.7802403e-01   6.1584303e-01   1.2991115e+00
   1.0376350e+00   1.2585732e+00   8.0709450e-01   8.4054825e-01   7.7571768e-01   1.2063345e+00   8.6668286e-01   2.2466879e-01   9.6478214e-01   8.9473341e-01   9.2030057e-01   7.2508477e-01   8.3928775e-01   1.0696725e+00   1.2478274e+00   1.3238974e+00   8.0416750e-01   1.0848943e+00   1.1792427e+00   8.5778589e-01   9.5817200e-01   1.1560659e+00   1.0486782e+00   1.0763712e+00   9.9008443e-01
   1.0275264e+00   1.0494382e+00   5.4134215e-01   5.6863247e-01   1.4133329e+00   1.3732381e+00   7.0566445e-01   9.8747652e-01   2.9136060e-01   1.3376620e+00   9.0355426e-01   5.8572346e-01   1.2729431e+00   6.5274094e-01   1.0844334e+00   1.3606375e+00   1.2981396e+00   1.1307043e+00   6.3423904e-01   6.0776208e-01   1.3778494e+00   1.4407213e+00   6.6157882e-01   6.5907238e-01   1.2963692e+00
   9.5207954e-01   1.0650929e+00   1.2955232e+00   1.3091755e+00   5.7272413e-01   7.9238658e-01   1.0653132e+00   9.3017172e-01   1.3237287e+00   1.8949337e-01   9.7956339e-01   1.2487804e+00   6.6798266e-01   1.4455144e+00   8.3088406e-01   8.7481140e-01   6.3899600e-01   7.6776111e-01   1.4869749e+00   1.3014090e+00   5.4351794e-01   6.2790151e-01   1.4300483e+00   1.3802434e+00   7.1592130e-01
   1.1163143e+00   1.3679342e+00   6.5116634e-01   7.2046789e-01   1.0056531e+00   1.4516236e+00   5.8199478e-01   9.3503383e-01   8.8079807e-01   9.5209476e-01   2.3237135e-01   8.4446890e-01   7.6625669e-01   8.9319495e-01   1.2957762e+00   1.4229296e+00   1.1915788e+00   1.0440250e+00   9.2354624e-01   7.3195077e-01   1.0896376e+00   1.3092348e+00   7.5220373e-01   7.7915323e-01   1.1980499e+00
   1.0281090e+00   1.1580194e+00   6.2748362e-01   5.6732094e-01   1.1855452e+00   1.4513747e+00   6.6886528e-01   7.2915894e-01   6.5687812e-01   1.1758352e+00   9.0630503e-01   1.6822836e-01   1.1418182e+00   8.0718002e-01   1.1608484e+00   1.4752350e+00   1.0176350e+00   1.2184473e+00   8.4447011e-01   5.6046534e-01   1.1251064e+00   1.3932326e+00   8.1196340e-01   8.4365304e-01   1.1822481e+00
   9.6323279e-01   1.4062030e+00   1.0754918e+00   1.0777935e+00   5.3709838e-01   1.0760858e+00   8.1901188e-01   8.1660865e-01   1.2037838e+00   7.0067104e-01   7.4172933e-01   1.0530029e+00   1.4450291e-01   1.3649276e+00   1.0352279e+00   1.1050554e+00   6.7691181e-01   6.3927437e-01   1.4037734e+00   1.2334025e+00   5.0925211e-01   8.1904277e-01   1.3028403e+00   1.2287046e+00   7.1311195e-01
   1.3024821e+00   1.0013883e+00   4.8567669e-01   4.7772576e-01   1.5745976e+00   1.4568105e+00   7.3828254e-01   9.7020236e-01   6.5181094e-01   1.4398720e+00   9.0303869e-01   7.5977148e-01   1.4048620e+00   1.1201881e-01   1.2615074e+00   1.4126093e+00   1.5851257e+00   1.4766861e+00   4.5163432e-01   4.2077261e-01   1.6876836e+00   1.6246807e+00   3.0950672e-01   4.0608139e-01   1.5576842e+00
   8.2742635e-01   8.0068325e-01   1.1843693e+00   1.1976831e+00   9.2490333e-01   7.4270096e-01   1.2757181e+00   1.2521049e+00   9.7969003e-01   8.2087194e-01   1.1963533e+00   1.1179241e+00   9.9466003e-01   1.1290170e+00   2.7888785e-01   6.8341870e-01   9.1462244e-01   8.6951314e-01   1.0661240e+00   1.2853392e+00   8.1733667e-01   7.9434353e-01   1.2034958e+00   1.2721779e+00   7.8251967e-01
   7.9781185e-01   6.8416435e-01   1.6028627e+00   1.5268668e+00   6.5949993e-01   3.8604425e-01   1.5266267e+00   1.3235945e+00   1.3488033e+00   8.9209076e-01   1.3426404e+00   1.4777880e+00   1.0124366e+00   1.3350904e+00   6.1734634e-01   1.4717356e-01   7.9053218e-01   7.7521620e-01   1.2201754e+00   1.5196312e+00   7.3714277e-01   4.7078417e-01   1.4452053e+00   1.4138217e+00   6.8271881e-01
   8.1287171e-01   1.0623769e+00   1.2917760e+00   1.3424757e+00   5.4508989e-01   7.6433368e-01   1.2286006e+00   8.5028103e-01   1.2733782e+00   6.9311149e-01   1.1592737e+00   1.0254447e+00   6.7822631e-01   1.5711608e+00   8.3155836e-01   8.0080392e-01   1.5112178e-01   7.0509802e-01   1.5319817e+00   1.3990495e+00   5.4641596e-01   5.6843108e-01   1.5416949e+00   1.5156849e+00   4.8730595e-01
   7.0732273e-01   1.1554622e+00   1.3688373e+00   1.2548288e+00   5.7760563e-01   6.9780646e-01   1.0774979e+00   1.2048913e+00   1.1983759e+00   7.2329870e-01   1.0150329e+00   1.2485880e+00   6.0096272e-01   1.5140092e+00   7.8105577e-01   6.9733796e-01   6.8277058e-01   2.0324219e-01   1.4188022e+00   1.4812869e+00   4.8465997e-01   6.2498782e-01   1.5085159e+00   1.4188031e+00   6.1444144e-01
   1.1591891e+00   8.9391817e-01   6.4208577e-01   6.2351370e-01   1.4877219e+00   1.2301416e+00   8.6616318e-01   1.0853751e+00   6.4032349e-01   1.4463295e+00   9.6447121e-01   8.0944900e-01   1.4342931e+00   4.3588427e-01   1.1619155e+00   1.2231232e+00   1.5047643e+00   1.3610324e+00   1.6666416e-01   5.8583414e-01   1.5816861e+00   1.4276831e+00   4.5839135e-01   4.9060659e-01   1.4351634e+00
   1.2996015e+00   1.0771040e+00   3.8166113e-01   4.7324616e-01   1.4626216e+00   1.6210516e+00   6.0769103e-01   8.0649578e-01   6.0045490e-01   1.3460708e+00   7.6636245e-01   5.2733410e-01   1.3392670e+00   4.4069144e-01   1.3864150e+00   1.5996289e+00   1.4218481e+00   1.4387506e+00   5.7992829e-01   1.4433431e-01   1.5168786e+00   1.6416211e+00   3.9074892e-01   4.7433648e-01   1.5181612e+00
   7.1208735e-01   1.1625429e+00   1.3698787e+00   1.3883360e+00   4.5329195e-01   7.6881466e-01   1.0950944e+00   9.6709692e-01   1.3753465e+00   5.3609915e-01   1.0728784e+00   1.1150351e+00   4.6000289e-01   1.6651051e+00   7.6913332e-01   8.1025208e-01   4.8612731e-01   5.3790940e-01   1.5914832e+00   1.4433918e+00   1.6878332e-01   5.4942156e-01   1.6000801e+00   1.5267917e+00   5.1659541e-01
   7.3939460e-01   8.1013514e-01   1.6320145e+00   1.6007495e+00   6.0924462e-01   4.0043024e-01   1.4917248e+00   1.1973446e+00   1.4450194e+00   6.2077223e-01   1.2331225e+00   1.4174201e+00   7.0962597e-01   1.6049906e+00   7.1609239e-01   4.7831012e-01   5.4138788e-01   6.3842548e-01   1.4542759e+00   1.6232813e+00   5.1709052e-01   1.3297934e-01   1.6389435e+00   1.5647301e+00   5.1340381e-01
   1.3245340e+00   9.9179124e-01   4.9508283e-01   4.8153789e-01   1.5777495e+00   1.4587756e+00   7.0772946e-01   9.7783170e-01   5.9105864e-01   1.4500273e+00   8.3725930e-01   7.8700462e-01   1.4016520e+00   3.1418083e-01   1.2807344e+00   1.4171033e+00   1.5922566e+00   1.4783246e+00   4.2573441e-01   3.9903562e-01   1.6523462e+00   1.6247110e+00   1.1124854e-01   3.6855426e-01   1.5775986e+00
   1.2965202e+00   1.0740024e+00   4.8175954e-01   4.5468196e-01   1.5438235e+00   1.5244290e+00   6.4637442e-01   1.0311240e+00   6.2295509e-01   1.4476231e+00   8.3327939e-01   7.8281298e-01   1.3334858e+00   4.0681708e-01   1.3555161e+00   1.4212069e+00   1.5657277e+00   1.3841365e+00   4.4974707e-01   4.7829823e-01   1.5933581e+00   1.5858980e+00   3.6109260e-01   1.5226091e-01   1.5682203e+00
   6.9092544e-01   1.0210945e+00   1.4363636e+00   1.4679771e+00   5.3335259e-01   5.1262923e-01   1.3083419e+00   1.0250179e+00   1.3155741e+00   7.2090501e-01   1.2381823e+00   1.2398151e+00   6.9879291e-01   1.6052029e+00   6.7052326e-01   6.0108963e-01   4.1827315e-01   6.0148652e-01   1.4943573e+00   1.5588392e+00   4.5070234e-01   4.6506347e-01   1.6127960e+00   1.6062279e+00   2.0752214e-01
